-616, 334
1034, -99
-429, 216
-453, 399
417, -883
-81, 409
-324, 124
614, 222
-201, -242
-594, 90
510, -185
223, 212
217, -127
-380, -106
-1292, 415
754, 158
520, -451
184, -110
352, 358
-677, 117
-185, -388
-263, 114
49, 187
-126, -67
1226, 270
-540, -279
-477, -96
696, 446
-668, -478
0, 18
-76, -16
143, 231
128, 633
260, -459
-216, -457
-381, 20
634, -40
-217, 402
-508, 194
793, -319
-1015, -271
667, 105
-119, -14
333, 500
-360, -74
-114, -313
170, -71
219, -310
-363, -30
-122, 827
45, 549
8, -948
405, -31
197, -377
-177, 217
-739, 506
608, -169
-850, 156
-91, -90
842, -431
562, 229
-527, 149
1, 390
-171, -718
-591, -92
-40, 853
803, 51
145, -344
-21, -395
247, -25
-1192, 79
295, 637
-258, -460
976, -26
-485, 572
302, -252
21, -839
-465, 183
-163, -52
-37, 977
9, -194
294, 108
300, -154
210, -931
71, -283
-1009, 1540
-554, 33
402, -649
955, -69
-205, 509
434, -328
-761, 91
288, -647
-447, 375
678, 127
-821, 236
-160, -486
910, 418
-155, 4
316, -293
-393, -149
-213, 658
-83, -496
-492, 6
66, 653
682, -267
225, 92
-160, -361
314, 209
-548, 104
-459, 287
175, -281
-79, -24
185, -178
362, 129
459, -211
-909, -35
170, 554
-59, -213
-344, 92
255, -118
-71, -320
34, 36
403, 188
-523, 57
350, -50
-445, 663
427, -416
71, -375
322, 66
-487, -112
-102, -70
341, 570
-410, -226
417, -392
-14, 898
322, -284
58, -315
-802, -220
49, 45
-75, 107
601, -2
542, 297
-719, -212
-324, -187
142, 135
113, -96
200, -277
-213, 89
-653, 244
697, -63
-162, -616
633, 602
-423, -38
74, 431
-126, -610
-266, -244
-76, -66
207, 355
156, -138
443, 748
-582, -293
630, -234
-415, -83
-457, 390
211, -392
-153, -38
295, -5
621, 300
-286, -336
61, 282
-563, 47
401, -48
-141, -86
279, -385
-397, 379
614, -388
39, -433
-235, 1604
-822, -879
290, 79
772, 9
273, -91
-136, -342
-116, 307
-1020, 437
-218, 2
1145, -795
123, 634
173, -321
436, 440
-914, -646
-883, 512
371, 232
687, -344
-601, -88
523, -269
333, 524
155, -143
-987, 346
524, -77
-763, -735
-161, 383
1267, -12
673, -330
-789, -140
-133, 686
-723, 216
138, -448
82, -219
615, -15
385, -30
-514, 534
-687, 57
160, 284
557, -1690
-280, 1250
-252, 542
206, -485
247, 37
17, -393
232, 393
-814, 154
222, -627
240, 380
-162, -118
39, 296
104, 606
278, -436
-119, -828
-445, 113
-10, 568
-176, -146
547, -109
-143, -60
398, 494
-685, -142
107, -491
281, 254
219, -159
-349, 367
269, -113
-577, -23
197, 153
201, -417
148, 5
128, 1145
-259, -515
105, -90
-168, -517
-697, -350
-198, 387
1086, 449
152, 228
352, 316
-851, -580
139, 343
207, -307
-196, -666
-544, 302
158, -32
427, 446
-214, -306
551, 391
-228, -337
-168, 275
-540, -317
636, -618
2, 656
-188, 169
-68, 288
165, -593
109, -95
595, 624
-633, 269
-307, -798
-243, -459
287, 212
179, 763
461, 379
59, -420
-221, -608
-440, -55
22, 448
123, 93
259, 165
-155, -588
198, -154
-347, 756
324, -94
-78, -52
-151, 49
175, 35
-60, -516
-257, 474
331, -627
-555, 1043
493, -85
96, -269
339, -431
157, 151
-471, -33
-525, -43
-805, 377
1482, 4
476, -190
-691, 2
890, 163
-340, -454
-700, -418
7, 543
-8, 573
340, -177
-25, -331
-48, -264
332, -250
204, 543
-754, 18
-134, 22
389, -283
-213, 517
230, -665
-174, 288
169, -235
287, -287
-552, 535
173, 153
-195, -266
-8, -265
55, 334
-149, -204
842, -44
-224, 397
-363, -509
-253, 110
392, 180
-170, -343
-16, 467
397, 140
204, 8
-851, -246
351, -405
-97, 532
134, 168
493, -596
-740, 135
-259, 300
238, 362
264, -1024
-264, 393
194, -445
274, 659
-702, -202
469, 61
-657, -478
715, 258
-165, 10
-78, 512
53, -298
-366, 95
317, -816
-179, 113
51, -147
845, 1138
-803, 29
-466, -366
376, -683
321, -111
-42, 279
-693, 21
484, 330
194, 601
141, -502
-145, -232
-535, -388
213, 364
-105, 171
287, -468
-208, 533
-130, -169
644, 310
243, 453
-646, -617
-242, -870
-571, 310
843, 532
-247, 93
864, 110
-498, -570
227, 571
-689, -532
0, 526
-288, -459
45, -241
1180, 434
-291, 506
-203, -219
-848, 183
292, -1099
681, 100
10, 815
-222, -579
-319, 550
-635, -378
712, 75
1071, 102
-891, -509
-415, 148
370, 167
-311, 77
433, 185
-33, -435
81, -199
159, 485
-387, 226
296, -89
217, -141
-585, -818
475, 185
133, 785
-198, -151
-170, -336
526, 355
-215, 341
-514, -766
65, -270
316, 131
143, 457
162, 291
-300, -393
-342, 231
-288, -681
566, 272
218, -198
-548, 425
198, 187
-111, -169
587, -59
-598, 275
62, -388
-437, 207
127, -145
692, 384
-528, -485
222, 356
-386, 30
602, 358
-234, -748
-596, 634
345, -936
157, 872
24, -21
-33, -552
-77, 507
-430, 236
606, -563
85, 224
-864, -451
338, 599
-205, -168
45, 108
258, -356
435, 287
-675, 270
103, -818
-134, -68
257, 298
-238, -109
-234, 461
471, 212
167, -724
327, 337
-616, -229
-302, -249
-362, 585
593, 344
-44, -744
59, 289
423, 123
-164, -173
-414, -182
-411, 149
782, 318
-90, -168
23, -164
-354, -477
49, 341
852, 788
-8, -212
-478, -492
-852, -539
412, 290
264, 533
604, -30
-401, 377
570, -491
-863, 291
598, -575
-692, 168
1, 292
483, -116
-71, -102
242, 409
119, -251
-780, 62
-83, -291
218, 530
-221, -231
488, 164
-313, -674
552, 245
-461, 394
-604, 343
313, 354
224, -28
-78, -198
-189, 189
-101, -333
475, -39
-273, 304
-188, 5
307, -375
350, 233
-122, 427
-122, -213
-250, -371
-386, -100
81, 362
918, 90
-381, -384
54, -112
-672, 242
323, 179
-257, 70
476, 414
215, -423
-475, -641
-100, 24
151, 452
681, -131
-685, 56
-461, 384
258, -24
493, -205
217, -205
-86, -74
-472, -314
617, 620
-431, -185
-729, 487
743, 263
432, -1052
-189, 575
5, -103
-413, 37
-209, -206
132, -54
-74, 678
386, -4
357, -31
-473, -806
-145, 259
-68, 116
286, 29
121, 52
-307, 590
271, 179
-123, -733
-28, 178
-70, -1135
183, 1201
-93, 75
-220, 550
154, -291
323, -639
-359, -317
132, 312
-384, 401
288, -601
427, 853
-294, 230
-434, -851
244, 312
-75, -244
122, -107
260, -1
-660, 87
217, 217
244, 183
-235, 355
737, -881
-581, 347
-328, -68
102, -292
53, 290
-136, 432
386, -78
279, 58
-416, -482
142, 695
-137, -356
-361, -124
-154, -351
136, 73
436, 736
87, -299
-128, 191
67, -152
-379, -469
67, 625
371, -565
-164, 269
-878, -746
588, 448
408, 660
272, 254
459, -552
-985, 5
-180, -268
-352, -297
640, -240
-106, 752
480, 274
221, 304
-49, -742
-94, 403
-497, -780
-616, 375
264, 162
634, -110
55, 42
-157, 496
-16, -749
-272, 557
300, -124
-160, 31
-599, -260
247, -368
711, 344
-563, 276
274, -579
496, 702
-613, 60
14, -56
-631, -296
97, -701
228, -37
536, 505
-144, 161
208, 361
-439, 47
-239, -101
707, -745
-615, -85
126, -3
-30, 418
113, 328
73, -48
345, -572
-559, 42
693, 196
-380, 289
-21, 349
-132, -844
-387, 204
285, -390
772, 391
345, 725
-1102, -853
140, -178
-253, 1021
756, -246
-814, -679
190, -292
-154, 407
921, 319
-481, 34
167, 68
-462, 53
-707, -372
579, -42
555, -311
309, 438
-1489, 30
654, 420
511, -186
-462, -195
301, 156
-268, -163
217, 29
-194, 267
-233, 59
713, -359
-396, -20
-126, 246
-492, 128
770, -55
511, -237
-574, 831
-390, -127
-109, -801
75, -597
770, 983
-338, 106
-83, 148
160, -277
-128, 248
-207, -142
-25, -339
55, -721
44, 416
221, 739
-60, 368
381, -108
-385, -713
86, -125
-365, -238
116, -111
-207, 1054
-38, -23
269, -185
370, -57
-273, -269
-133, -434
-38, 834
8, -614
-474, 2
476, 773
371, -622
-627, 106
409, -418
-320, 450
91, -396
317, 170
-720, -184
651, -90
-954, 401
611, 428
503, -183
-178, -672
-457, -162
11, 457
345, 341
117, -236
-330, 406
250, -624
-167, -1
-542, -109
871, -53
2, 266
-225, -447
193, 704
88, 47
-722, -216
54, -418
415, 191
-342, 46
396, -118
-198, 485
637, -98
-422, 80
-332, -378
-17, -279
-300, -23
304, 575
490, 364
-621, -121
764, -592
-342, 177
101, 287
-549, 240
322, -686
117, 646
-383, -199
784, -454
121, -61
-602, 707
-208, 59
263, -1155
564, 810
48, -250
-395, 490
236, -357
-226, -328
-173, 34
-115, -154
623, 496
-6, 893
15, -818
-45, -304
-289, -453
22, 237
-136, 471
346, 400
430, -509
-131, 23
-390, -8
356, -111
-379, 392
-59, -289
-179, 234
35, -500
628, -23
-505, 565
416, 53
-173, -114
-413, -76
-610, -12
991, -404
-222, -243
-87, 707
64, 293
182, -670
-328, 729
-70, -264
464, -385
-31, 3
-443, -338
73, 856
903, -6
-810, -44
-71, 101
212, -782
-75, 58
17, 268
-72, 366
320, 335
-454, -336
930, -453
-1025, 49
-51, -142
198, 362
702, 116
69, 460
-598, -454
-778, -535
1213, 343
-137, -326
-3, 486
-653, -57
227, 512
313, -644
-236, -333
188, 525
-392, 562
387, -260
-253, -430
212, -128
-591, -99
491, 322
446, 525
-365, 497
237, -1270
-47, 82
-474, -98
326, -211
198, 1003
-516, -405
49, 52
747, 96
-257, -220
-147, 155
391, -28
-583, -992
-279, 425
237, 859
868, -132
-833, -169
-95, 4
491, -343
-83, 480
-238, -671
622, 32
-601, 724
-320, -27
183, -131
276, 65
8, -532
70, -5
712, 539
-715, -514
-597, 270
306, 474
275, -307
-122, -368
184, -98
307, 310
-392, -247
234, 261
-387, 11
-250, -89
122, 88
48, -164
225, -89
-301, -283
954, 681
-777, 117
326, -168
-666, -311
-257, -352
602, -58
69, 826
-6, -267
393, 295
-400, -236
-27, -166
111, -254
-506, 216
-25, 92
440, 418
-82, -98
335, 62
-116, -356
-514, -367
472, 197
-244, 71
-105, 188
174, 608
-28, -936
-386, 590
645, -890
26, 140
25, 355
-135, -136
-10, 171
-567, 192
240, -96
475, -182
-229, 65
-109, 124
385, -100
-465, -167
-286, 268
524, -293
-368, 240
-183, 416
230, -400
330, -5
-307, -207
-296, -154
400, 666
296, -846
-449, 227
63, 512
-549, -86
974, -17
-247, 13
-186, -814
185, 605
-143, 213
-175, -356
13, 400
454, 51
-684, 249
88, -504
-93, -291
586, -349
275, 463
-888, 546
459, -601
-63, 225
459, -376
-699, 730
-305, 225
927, -115
237, -1369
-647, 199
-103, 1004
913, -416
-754, 563
50, 144
118, -507
-526, -48
680, -332
-143, -562
-81, 864
67, 315
397, 101
-656, -271
-296, -111
364, 530
-174, -484
385, -769
-400, 500
394, 434
211, 104
-209, 0
-738, 194
74, -65
62, -336
72, -403
795, -254
39, 806
-846, 248
-134, -38
-23, 56
-53, -553
153, 44
193, 53
48, 77
-74, -257
-27, 101
-560, 131
318, 181
-113, 378
22, -392
310, -351
277, -394
34, 869
-452, 159
-241, -321
-146, 82
747, -39
-96, 311
-115, 112
43, 11
-334, -592
-57, 61
-20, 112
115, 446
123, -215
198, -498
-24, 520
-105, 202
233, -825
-1198, -190
218, 553
-310, 47
856, 512
-239, -775
-3, -77
-148, 163
28, 255
79, -656
-89, 601
-29, 290
269, -573
-40, 44
-192, 39
-216, -466
320, 735
351, 5
-396, -769
-271, 742
-227, -361
568, 178
37, -321
350, -204
-424, 571
-339, -132
331, 313
-353, -40
183, -430
328, -288
-166, 211
-69, 252
54, 273
-512, -331
759, -312
-208, 492
-143, -193
22, 161
-568, -87
966, 132
-102, -196
48, -620
-168, 1005
-41, -219
-338, 301
66, -429
-63, -117
401, -136
304, 14
-488, 263
59, 265
-42, 183
169, -928
-448, 337
-87, -30
-62, 150
552, -164
76, 274
-184, 37
-418, -788
524, 358
64, 315
-529, 5
-104, 180
511, 30
-176, -372
376, -550
-142, 254
210, 103
-519, 497
-333, 187
88, 362
-56, -1337
512, -554
8, 496
-288, 901
143, 27
-25, -22
122, -191
-480, -191
-156, 177
105, -705
377, 89
-277, 66
523, 717
236, 186
-978, -47
237, -118
54, -586
306, -122
-408, 208
625, -192
-126, 394
63, 304
280, -99
-211, 108
-201, -588
-325, -353
24, -45
792, 468
-385, 130
-140, 624
378, -379
-22, 90
-241, -901
399, 25
-539, 340
-217, 792
-135, -336
318, -513
555, 59
420, 468
-201, -308
-664, -258
-111, 217
-401, -4
295, -484
841, 629
34, 215
153, -528
-340, -269
-182, 956
-238, -473
-134, -500
409, -257
-83, 528
31, 140
707, 398
-416, -757
-114, 237
-196, 231
21, 153
-490, -1240
363, 980
-5, 453
351, -243
-132, -76
250, 2
-287, 234
219, 0
-1332, -187
960, -116
166, -135
67, 162
285, 326
-309, 390
-323, -542
420, 46
-656, -231
396, 342
-16, -919
498, 1065
-628, -392
-212, 544
132, -74
589, -430
-351, -246
268, 121
-474, 173
206, 274
-398, -88
107, -203
689, 718
-63, -352
-304, -847
35, 244
-37, 711
126, 27
-87, 202
-438, -698
353, 145
-68, 58
117, 426
440, -651
-401, 204
-691, -5
190, 565
267, -282
6, -457
199, 790
-176, -684
101, -184
-340, 683
141, 21
405, 110
-384, -8
-120, -432
-134, -732
22, 696
541, 688
-106, -255
-296, 12
386, -288
-517, -372
45, 247
983, 314
-956, 5
189, 374
26, -837
-837, 344
1589, 587
-278, -374
-546, -506
-396, 361
-28, -95
105, 459
545, -258
117, -375
-355, 224
-166, 678
631, 19
-427, -591
-365, -410
162, 377
383, -185
286, 195
-406, 934
432, -579
-295, -336
-49, -349
-540, 171
511, 432
424, -80
-279, 352
-207, -678
466, 252
-505, 152
-455, -315
116, 77
678, 209
137, 162
-357, -460
-401, -42
575, 134
-415, -399
294, 599
373, 310
-341, -519
54, -604
45, 752
-409, 246
319, -627
-260, -416
660, 394
-120, 749
-506, -43
-88, -979
279, 345
127, 568
-213, -377
701, -760
-478, 418
-299, 292
90, -12
197, 568
115, -370
146, 114
556, 217
-974, 273
-129, -272
521, -165
160, -519
-109, 486
-666, 605
1110, -196
-339, -242
-425, 35
-281, -281
466, 10
-4, 842
197, -204
-102, -514
-225, -1
-283, 299
508, 279
152, -313
-96, 383
-235, -708
-782, 122
830, -50
428, 535
-307, 47
170, 219
-417, -776
-241, 443
182, -434
326, 194
-11, 96
185, -24
-840, 387
697, -373
-400, -362
-289, 247
705, 441
305, 130
-1137, -160
942, -821
-140, 773
-764, 172
192, -256
381, 144
250, -435
-272, 714
-239, 165
138, -533
-825, -746
1283, 665
-466, 233
-285, 233
217, 216
413, -738
-464, 60
-151, 337
53, -68
411, -59
-490, -131
88, -164
-300, 722
333, 55
-11, 126
254, -545
-377, -216
-247, -48
460, -255
61, 477
-173, 632
-541, -8
298, -802
535, 50
-144, 77
407, -270
-801, 188
-503, 179
769, -118
-34, 57
-50, -24
20, -311
270, 469
-100, -362
-166, -935
-642, 1118
317, -16
725, -163
-867, -28
592, 540
245, -711
-733, -124
100, 248
301, 19
121, 264
-381, -171
-331, 38
66, -525
750, 194
-92, 281
-683, 481
509, -1115
315, 82
-812, 743
218, 175
-145, -918
325, 414
-284, 11
-182, -153
77, 74
1120, 135
-499, 46
-346, -103
-787, -183
567, -195
-212, -501
916, 1342
24, -190
281, 130
-455, -191
-49, -498
-85, -21
-617, 111
388, 585
628, 251
180, -844
61, -236
-255, 565
-27, 166
-660, 235
-440, -477
1026, -24
-135, -614
-64, 20
544, 861
-331, 732
307, -641
-595, -538
-130, 231
-77, -543
528, 325
-241, -50
417, 293
-56, 325
-233, 19
197, -354
-780, -240
590, -301
-525, 217
-16, -43
401, 442
509, 423
-550, -80
32, -692
-319, 201
2, -562
209, 570
27, -178
-5, 579
427, -97
-381, -684
314, 241
-37, -145
-760, 570
385, -217
539, -289
-475, 553
-264, 5
183, -476
181, 41
-159, -104
-175, -30
-74, 677
346, -455
-162, 278
-154, -234
-128, -692
492, 335
54, 325
-512, 533
377, -653
-152, 361
-149, -402
151, -27
-48, 493
222, -909
-248, 771
93, 150
162, 85
195, -489
-642, 215
659, 626
-514, -668
219, -357
-2, 206
-353, 457
465, -59
386, -174
-724, -15
-126, 648
22, -787
3, -317
-4, -118
313, 354
25, 1065
-415, -560
366, -855
123, 263
-965, 31
309, 203
555, 254
44, 181
336, -435
-121, -24
-636, -83
-534, -191
515, 596
208, 101
760, -271
-272, -26
-718, 28
-241, -240
503, 59
-244, 560
603, -91
-598, -170
78, 320
171, -514
487, -134
-214, 56
-807, 283
509, -106
67, 593
76, -355
-349, -427
218, -120
557, 296
-101, 375
-531, 51
-313, -392
-243, 350
775, -245
76, -217
-112, 93
-21, -3
-417, 538
456, -467
-216, 115
-56, 156
72, 162
-617, -981
1042, 269
89, 208
-156, 95
-103, 397
-192, -102
-178, -214
-461, 103
-55, -430
-674, -595
284, 217
39, 157
544, 556
484, -380
-874, 791
-298, -754
440, -128
-335, -239
-157, 635
363, -346
-43, 44
42, 522
-104, -113
669, 114
-140, -210
-551, -919
-434, 22
492, 374
-279, 436
684, 587
233, -185
-525, -907
-218, -139
80, -35
92, 362
-213, 577
183, -652
386, -371
138, 852
-179, -571
-215, 181
-192, 287
30, -983
-190, 503
852, -421
-104, 352
-232, 772
-288, -774
483, 311
-559, -524
199, 663
704, -651
-124, -318
-161, 460
159, 689
-347, -307
29, -614
216, 400
-334, -296
602, -393
55, 393
-751, 645
-146, -635
665, 232
108, -56
-450, -190
-58, 177
382, 126
-730, 510
58, -997
451, 245
709, -301
-359, 509
-412, 407
-886, -314
748, 561
494, -978
-118, -230
-193, 42
262, 545
-139, -249
-875, 661
174, -144
520, -509
625, -442
-551, 256
-307, 272
-353, 74
378, -345
144, 262
163, -505
198, 296
-369, 666
-279, 322
-153, -804
454, -737
12, 417
380, 754
40, -64
-1093, -45
292, -355
599, 267
-258, 76
614, 20
-707, -818
-137, 294
294, 792
-250, -528
346, 426
47, 497
79, -965
-272, -782
295, 412
-7, 690
-177, -336
53, 354
-258, -374
198, 652
425, -867
-233, -303
-116, 214
181, 653
94, -647
-1051, 488
626, 529
366, -457
110, -300
302, -508
-620, 218
-84, 541
-278, 232
775, -311
-715, -36
38, -155
327, 106
92, -152
145, -508
-19, 755
-394, 156
174, 253
-481, -112
-33, -495
419, -180
58, -147
275, -92
-80, 508
-699, 1023
646, -790
-627, -703
505, 322
-366, 29
404, 79
-412, -109
241, -471
503, 912
302, -573
-1551, 311
776, -77
-511, 450
372, -1142
239, 120
325, 454
-56, 12
-172, -125
125, 504
-279, -567
-242, 233
-228, 37
502, -363
25, 421
-263, 218
720, -721
-438, 550
-190, -91
236, -296
-74, 684
-171, -432
-290, -304
573, 150
368, 297
-743, 68
340, -828
97, 777
98, 410
-84, 15
-911, -814
235, -113
481, -12
623, 461
-385, 290
655, -32
-693, 22
-844, -87
432, -52
477, -187
140, 174
-278, -529
13, 607
325, 25
-289, 321
-33, 33
-247, -109
369, -985
-403, -234
245, 447
256, 1198
333, -571
-345, 124
-165, -711
-225, -277
-40, 230
347, 817
181, -477
440, 110
-771, 450
60, -340
-16, -883
199, 339
96, 828
-456, -403
-320, 478
845, -469
-426, -405
-534, -371
991, 5
-31, 1192
-857, 148
676, -360
-327, -308
-60, -333
-602, -130
535, 142
767, 325
-665, 725
-168, -58
-323, -564
678, 35
-61, -60
-680, 271
-215, -176
628, -16
390, -592
-110, 302
-257, 1102
-468, -304
-24, -412
300, -560
433, 58
-498, 196
-458, -161
763, 938
-56, -234
-246, -225
-330, 270
99, -116
40, 54
597, -844
-657, -108
-135, 754
466, 123
193, 607
-741, -531
60, -309
219, -417
-225, 164
-332, 477
-323, 321
44, -402
465, 142
249, -876
-84, 254
-380, 98
814, 120
-779, -64
-334, 524
118, -222
-106, 211
546, -1106
605, -169
-179, 559
-1105, 215
693, 518
121, -41
-429, -1129
-394, 209
428, 90
778, 395
34, -29
-484, 37
-615, -438
750, -63
-109, 794
-247, -708
0, -49
147, 543
359, 170
10, -915
-25, -21
-299, 162
-483, 559
543, -268
-266, -319
-491, 416
299, 82
805, -644
165, -396
-381, 963
-278, 273
-183, -111
-432, -304
640, 123
217, -669
991, 816
-908, -827
-128, 324
-625, 317
116, 421
863, -495
-53, -213
-848, -49
922, 62
-259, -52
-41, 789
-47, -292
-512, -549
365, 3
219, 668
635, -1011
-1028, 196
104, 978
-159, -173
377, -352
176, 115
-30, -579
309, -239
-328, 646
-695, 258
858, 321
-176, -617
159, -189
-274, -419
1, 704
362, -407
-64, 1067
-234, -945
-96, -301
488, 599
-327, 55
69, 263
185, -939
-390, 506
201, -384
-34, 371
257, 101
-417, 132
219, -232
-37, -199
-266, 308
533, -159
30, 216
-180, -602
136, 483
-596, 728
-135, -668
703, -405
24, 230
-70, -35
-598, 459
189, 78
75, -685
-85, 39
401, 540
-534, -474
-58, 17
325, 304
-642, -136
131, -6
353, -134
842, 82
-905, 94
-499, -645
57, -78
-462, 1088
1203, -207
240, -359
192, -257
-1209, -395
70, 496
96, 501
651, -512
-430, -142
328, 587
-77, -282
-47, 112
-335, 123
680, -712
-751, -240
712, 497
-516, 526
295, 246
196, -438
-248, 311
-112, -811
427, -241
-405, 813
-127, 219
1066, 77
-741, 145
-450, -838
164, 27
286, 535
138, -408
367, 283
-412, -191
-141, 86
-147, -319
-69, 303
376, 336
-296, 303
407, -597
-151, -612
230, -63
-67, 775
-158, 190
-518, -170
28, -365
473, -37
404, 130
-126, 323
-470, -444
-296, -109
651, 599
-239, -10
205, 282
-604, -503
158, 24
552, -170
-159, 849
-104, -380
-361, -525
511, 628
-552, -583
-156, 24
559, 767
296, 563
121, -1207
-539, 73
229, 229
-607, 2
360, -539
330, 691
122, 275
-133, 438
-937, -999
612, -359
275, 617
71, -147
349, 55
-917, 128
-175, -411
750, -24
-669, 839
903, -98
-438, -590
-40, 336
393, -658
-194, -102
-475, 744
691, 564
-1061, 44
746, -866
342, 82
38, -285
10, 421
-606, 239
529, 667
-879, -1357
594, 472
397, 706
-122, -425
-418, -270
-140, 90
561, -48
392, -357
-1191, 410
8, 306
604, 293
-214, -589
289, -399
-268, 1024
115, -516
-399, 73
162, 95
98, 142
-465, -189
358, 154
238, -49
147, -151
-603, 119
92, 110
-6, 151
480, -481
54, -152
-175, 708
8, -370
-587, 109
195, 178
101, 72
143, -248
364, 260
-76, 18
-369, -646
-54, -28
387, 972
-289, -205
-251, 464
406, -796
-236, -111
884, -283
-1016, -147
3, -267
-76, -83
168, 385
121, 44
-176, -123
465, -657
-305, -258
456, 1018
-445, -281
-285, 375
-534, -64
699, -723
96, 601
414, -177
-522, -438
181, 552
267, -78
-203, -10
-514, -648
177, 782
152, 227
321, -253
-157, -175
205, -192
208, -395
-745, 327
265, 206
-114, 281
-296, 241
551, -192
170, -543
-10, -262
-175, 327
104, 95
-442, 132
-4, -173
57, 485
269, 81
-273, -553
333, 127
-692, -379
686, 348
-306, 257
175, -424
209, 85
-910, 76
629, 497
92, -149
-93, -217
-42, -875
128, 475
-312, 46
940, 280
-351, 180
-508, -260
-149, 47
-8, 115
424, -275
371, -487
101, 566
153, 164
-987, -530
296, 175
-493, 493
457, 165
1382, -331
-1194, -446
-197, 69
-362, 263
216, 395
4, -39
646, -428
106, 231
-1059, 86
346, -222
-188, 176
228, 257
-357, 319
622, -817
434, -671
-497, 817
-427, -157
94, 439
132, -202
-166, 74
129, -350
829, -571
-787, 378
43, 396
15, 129
-281, -235
297, -157
81, 161
-522, 6
470, 26
502, -493
-397, 92
-613, 226
820, 362
-512, -144
-449, -282
519, -321
306, -12
313, 779
-456, -535
379, -13
-298, -728
-372, 861
-5, 114
39, -174
659, 204
374, -281
-342, -474
-253, 507
-674, -65
633, -235
-73, -365
398, 493
-255, 41
-52, 385
552, -775
-810, -3
370, -278
207, -42
-585, 1035
240, -454
183, -115
-639, 325
526, -472
-292, 304
636, -233
-759, 145
-122, 260
283, 11
-457, -189
601, -91
441, -266
-300, 678
-652, 89
353, -729
-255, 310
110, 160
417, 163
166, -496
-234, 43
-647, -218
282, 119
650, 827
-347, -89
-143, -116
-90, -541
52, -474
487, 498
-759, 872
300, -211
-650, -317
562, -275
448, 495
-243, -326
187, -412
-346, 692
-311, -205
-69, -113
552, 626
-67, -193
-26, -395
-634, 232
993, -436
-447, -89
-642, 1019
515, -227
-81, -124
334, -728
45, 438
526, 348
-505, -403
-922, 111
195, -209
339, 339
698, -263
51, -82
3, -401
-98, 490
-470, 124
-564, -25
395, 501
200, -817
821, -141
-445, 169
-429, 412
424, -221
-344, -62
-287, 59
374, -101
-43, 419
334, -415
-33, 60
-304, -438
-123, 361
337, 473
-386, -337
355, -214
-400, -125
347, 188
-250, 279
364, 92
-381, -677
-287, 644
318, -358
221, -66
-11, -38
-497, 488
73, 385
173, -443
332, -427
-24, 234
-855, -110
244, -112
609, -660
-123, 933
271, 694
-168, -453
-329, -1012
-328, 21
633, 260
375, -297
-609, 669
14, -177
60, 623
-256, -452
525, -80
-408, -263
513, -28
-912, 507
-54, -447
785, 65
519, 798
77, -259
-1298, 131
-40, -399
-105, -131
560, -1003
433, 720
229, 944
-296, 260
-127, -772
-543, -371
211, 152
-95, 223
302, -459
236, 64
92, 483
295, -176
-801, -92
269, 1217
-397, -56
267, -471
515, 215
135, 418
-429, -271
-189, -569
-79, 428
-90, 787
83, -850
287, 54
233, 119
28, 75
-473, -118
-31, 43
83, 146
128, 15
-472, -368
583, 192
-243, 8
-116, 222
-279, -375
180, 111
668, 128
-282, 102
-191, -253
-181, -125
-359, 358
457, -133
31, -479
447, 620
207, -120
-671, -27
11, -568
-364, 130
-458, 276
1105, -312
-16, 301
-157, 14
165, 378
-158, -846
-728, -462
594, 930
-123, -411
-228, 521
577, -135
-268, 88
308, -373
162, 40
-392, -167
-417, 242
-83, -204
402, 441
5, 125
208, -305
305, -59
-463, -182
-334, -286
430, 231
132, -369
-526, 784
163, 138
-306, 146
311, -841
191, -600
-417, 676
350, 519
85, -1013
16, 529
-521, 807
156, -685
-213, 108
221, -557
274, -238
84, 721
173, -305
-704, 83
-77, 368
-369, -188
504, 430
368, -805
66, 8
314, -236
-574, 562
-522, 222
-90, -821
472, 982
841, -421
-677, 28
327, -943
-588, 745
161, 306
143, -328
-392, -350
9, -51
905, 949
-544, -657
44, 250
-66, -246
-247, -381
-451, 332
630, 360
720, -184
-264, -387
-304, -28
-41, 213
-833, -184
698, 584
417, -634
-140, -175
14, 271
-19, -28
-517, -409
-171, 366
302, 354
-69, -101
439, -433
457, -95
-534, 62
-288, 301
125, -270
-153, -235
23, 154
476, 242
384, 180
-438, 8
42, -117
-275, -856
-701, 261
1611, 95
-765, 689
-172, -7
88, -579
107, 110
781, 147
-517, 67
-487, -551
258, 354
-719, 601
549, -824
295, 492
497, -171
-299, -160
-154, 281
-495, -100
-196, -765
701, 836
-477, -291
572, -300
38, 396
-171, -70
-346, 33
-1, 341
190, -713
110, -195
-290, 892
-441, -598
696, -53
48, 244
143, -257
-374, 680
101, -520
-510, 369
-48, -342
486, -28
145, 65
-89, -235
204, 315
-247, 750
91, -222
-59, -872
-604, 587
512, -136
331, -248
-163, 172
64, 193
389, -684
-716, 633
-251, 108
264, 85
130, -6
702, -819
-959, 282
806, 246
-511, 78
-8, -245
-117, 151
421, 417
-170, -307
290, -42
-269, -111
186, 5
-946, 144
309, 88
297, 151
571, -931
-190, 824
-660, 273
273, 219
-21, -610
705, -342
-1002, -102
-189, -248
291, 774
960, 426
-57, -259
-167, -106
-664, -222
-45, -441
586, 218
-721, -70
929, -64
-312, 760
140, -14
-146, -9
-42, -69
326, -935
-976, 46
212, 913
475, -79
82, -392
181, 350
-183, 110
-88, -264
-100, -272
-286, 6
107, 914
389, -1274
-638, -159
406, 770
159, 376
-30, -286
-104, 50
-192, 80
-85, -328
512, -874
-75, 576
278, 454
-274, 253
-202, 116
9, -622
534, 2
-172, -61
357, 5
-863, -34
356, 216
168, 131
-151, 125
188, -103
-368, -172
105, 145
83, -250
-56, 116
-5, 41
140, -304
-468, 68
333, 795