 16384,   -101
 16384,   -101
 16384,   -101
 16384,   -101
 16383,   -202
 16383,   -202
 16383,   -202
 16383,   -202
 16381,   -302
 16381,   -302
 16381,   -302
 16381,   -302
 16379,   -403
 16379,   -403
 16379,   -403
 16379,   -403
 16376,   -503
 16376,   -503
 16376,   -503
 16376,   -503
 16373,   -604
 16373,   -604
 16373,   -604
 16373,   -604
 16369,   -704
 16369,   -704
 16369,   -704
 16369,   -704
 16364,   -805
 16364,   -805
 16364,   -805
 16364,   -805
 16359,   -905
 16359,   -905
 16359,   -905
 16359,   -905
 16353,  -1005
 16353,  -1005
 16353,  -1005
 16353,  -1005
 16347,  -1106
 16347,  -1106
 16347,  -1106
 16347,  -1106
 16340,  -1206
 16340,  -1206
 16340,  -1206
 16340,  -1206
 16332,  -1306
 16332,  -1306
 16332,  -1306
 16332,  -1306
 16324,  -1406
 16324,  -1406
 16324,  -1406
 16324,  -1406
 16315,  -1507
 16315,  -1507
 16315,  -1507
 16315,  -1507
 16305,  -1607
 16305,  -1607
 16305,  -1607
 16305,  -1607
 16295,  -1707
 16295,  -1707
 16295,  -1707
 16295,  -1707
 16284,  -1807
 16284,  -1807
 16284,  -1807
 16284,  -1807
 16273,  -1907
 16273,  -1907
 16273,  -1907
 16273,  -1907
 16261,  -2006
 16261,  -2006
 16261,  -2006
 16261,  -2006
 16248,  -2106
 16248,  -2106
 16248,  -2106
 16248,  -2106
 16235,  -2206
 16235,  -2206
 16235,  -2206
 16235,  -2206
 16221,  -2305
 16221,  -2305
 16221,  -2305
 16221,  -2305
 16207,  -2405
 16207,  -2405
 16207,  -2405
 16207,  -2405
 16191,  -2504
 16191,  -2504
 16191,  -2504
 16191,  -2504
 16176,  -2604
 16176,  -2604
 16176,  -2604
 16176,  -2604
 16160,  -2703
 16160,  -2703
 16160,  -2703
 16160,  -2703
 16143,  -2802
 16143,  -2802
 16143,  -2802
 16143,  -2802
 16125,  -2901
 16125,  -2901
 16125,  -2901
 16125,  -2901
 16107,  -3000
 16107,  -3000
 16107,  -3000
 16107,  -3000
 16088,  -3098
 16088,  -3098
 16088,  -3098
 16088,  -3098
 16069,  -3197
 16069,  -3197
 16069,  -3197
 16069,  -3197
 16049,  -3296
 16049,  -3296
 16049,  -3296
 16049,  -3296
 16029,  -3394
 16029,  -3394
 16029,  -3394
 16029,  -3394
 16007,  -3492
 16007,  -3492
 16007,  -3492
 16007,  -3492
 15986,  -3591
 15986,  -3591
 15986,  -3591
 15986,  -3591
 15963,  -3689
 15963,  -3689
 15963,  -3689
 15963,  -3689
 15940,  -3786
 15940,  -3786
 15940,  -3786
 15940,  -3786
 15917,  -3884
 15917,  -3884
 15917,  -3884
 15917,  -3884
 15893,  -3982
 15893,  -3982
 15893,  -3982
 15893,  -3982
 15868,  -4079
 15868,  -4079
 15868,  -4079
 15868,  -4079
 15843,  -4176
 15843,  -4176
 15843,  -4176
 15843,  -4176
 15817,  -4274
 15817,  -4274
 15817,  -4274
 15817,  -4274
 15790,  -4371
 15790,  -4371
 15790,  -4371
 15790,  -4371
 15763,  -4467
 15763,  -4467
 15763,  -4467
 15763,  -4467
 15735,  -4564
 15735,  -4564
 15735,  -4564
 15735,  -4564
 15707,  -4660
 15707,  -4660
 15707,  -4660
 15707,  -4660
 15678,  -4757
 15678,  -4757
 15678,  -4757
 15678,  -4757
 15649,  -4853
 15649,  -4853
 15649,  -4853
 15649,  -4853
 15619,  -4949
 15619,  -4949
 15619,  -4949
 15619,  -4949
 15588,  -5045
 15588,  -5045
 15588,  -5045
 15588,  -5045
 15557,  -5140
 15557,  -5140
 15557,  -5140
 15557,  -5140
 15525,  -5235
 15525,  -5235
 15525,  -5235
 15525,  -5235
 15493,  -5331
 15493,  -5331
 15493,  -5331
 15493,  -5331
 15460,  -5426
 15460,  -5426
 15460,  -5426
 15460,  -5426
 15426,  -5520
 15426,  -5520
 15426,  -5520
 15426,  -5520
 15392,  -5615
 15392,  -5615
 15392,  -5615
 15392,  -5615
 15357,  -5709
 15357,  -5709
 15357,  -5709
 15357,  -5709
 15322,  -5803
 15322,  -5803
 15322,  -5803
 15322,  -5803
 15286,  -5897
 15286,  -5897
 15286,  -5897
 15286,  -5897
 15249,  -5991
 15249,  -5991
 15249,  -5991
 15249,  -5991
 15212,  -6084
 15212,  -6084
 15212,  -6084
 15212,  -6084
 15175,  -6178
 15175,  -6178
 15175,  -6178
 15175,  -6178
 15137,  -6271
 15137,  -6271
 15137,  -6271
 15137,  -6271
 15098,  -6363
 15098,  -6363
 15098,  -6363
 15098,  -6363
 15058,  -6456
 15058,  -6456
 15058,  -6456
 15058,  -6456
 15019,  -6548
 15019,  -6548
 15019,  -6548
 15019,  -6548
 14978,  -6640
 14978,  -6640
 14978,  -6640
 14978,  -6640
 14937,  -6732
 14937,  -6732
 14937,  -6732
 14937,  -6732
 14895,  -6823
 14895,  -6823
 14895,  -6823
 14895,  -6823
 14853,  -6915
 14853,  -6915
 14853,  -6915
 14853,  -6915
 14811,  -7006
 14811,  -7006
 14811,  -7006
 14811,  -7006
 14767,  -7097
 14767,  -7097
 14767,  -7097
 14767,  -7097
 14724,  -7187
 14724,  -7187
 14724,  -7187
 14724,  -7187
 14679,  -7277
 14679,  -7277
 14679,  -7277
 14679,  -7277
 14634,  -7367
 14634,  -7367
 14634,  -7367
 14634,  -7367
 14589,  -7457
 14589,  -7457
 14589,  -7457
 14589,  -7457
 14543,  -7546
 14543,  -7546
 14543,  -7546
 14543,  -7546
 14496,  -7635
 14496,  -7635
 14496,  -7635
 14496,  -7635
 14449,  -7724
 14449,  -7724
 14449,  -7724
 14449,  -7724
 14401,  -7813
 14401,  -7813
 14401,  -7813
 14401,  -7813
 14353,  -7901
 14353,  -7901
 14353,  -7901
 14353,  -7901
 14304,  -7989
 14304,  -7989
 14304,  -7989
 14304,  -7989
 14255,  -8076
 14255,  -8076
 14255,  -8076
 14255,  -8076
 14205,  -8164
 14205,  -8164
 14205,  -8164
 14205,  -8164
 14155,  -8251
 14155,  -8251
 14155,  -8251
 14155,  -8251
 14104,  -8337
 14104,  -8337
 14104,  -8337
 14104,  -8337
 14053,  -8424
 14053,  -8424
 14053,  -8424
 14053,  -8424
 14001,  -8510
 14001,  -8510
 14001,  -8510
 14001,  -8510
 13948,  -8596
 13948,  -8596
 13948,  -8596
 13948,  -8596
 13895,  -8681
 13895,  -8681
 13895,  -8681
 13895,  -8681
 13842,  -8766
 13842,  -8766
 13842,  -8766
 13842,  -8766
 13788,  -8851
 13788,  -8851
 13788,  -8851
 13788,  -8851
 13733,  -8935
 13733,  -8935
 13733,  -8935
 13733,  -8935
 13678,  -9019
 13678,  -9019
 13678,  -9019
 13678,  -9019
 13622,  -9103
 13622,  -9103
 13622,  -9103
 13622,  -9103
 13566,  -9187
 13566,  -9187
 13566,  -9187
 13566,  -9187
 13510,  -9270
 13510,  -9270
 13510,  -9270
 13510,  -9270
 13452,  -9352
 13452,  -9352
 13452,  -9352
 13452,  -9352
 13395,  -9435
 13395,  -9435
 13395,  -9435
 13395,  -9435
 13337,  -9517
 13337,  -9517
 13337,  -9517
 13337,  -9517
 13278,  -9598
 13278,  -9598
 13278,  -9598
 13278,  -9598
 13219,  -9680
 13219,  -9680
 13219,  -9680
 13219,  -9680
 13159,  -9761
 13159,  -9761
 13159,  -9761
 13159,  -9761
 13099,  -9841
 13099,  -9841
 13099,  -9841
 13099,  -9841
 13039,  -9921
 13039,  -9921
 13039,  -9921
 13039,  -9921
 12977, -10001
 12977, -10001
 12977, -10001
 12977, -10001
 12916, -10081
 12916, -10081
 12916, -10081
 12916, -10081
 12854, -10160
 12854, -10160
 12854, -10160
 12854, -10160
 12791, -10238
 12791, -10238
 12791, -10238
 12791, -10238
 12728, -10317
 12728, -10317
 12728, -10317
 12728, -10317
 12665, -10395
 12665, -10395
 12665, -10395
 12665, -10395
 12600, -10472
 12600, -10472
 12600, -10472
 12600, -10472
 12536, -10549
 12536, -10549
 12536, -10549
 12536, -10549
 12471, -10626
 12471, -10626
 12471, -10626
 12471, -10626
 12406, -10702
 12406, -10702
 12406, -10702
 12406, -10702
 12340, -10778
 12340, -10778
 12340, -10778
 12340, -10778
 12273, -10854
 12273, -10854
 12273, -10854
 12273, -10854
 12207, -10929
 12207, -10929
 12207, -10929
 12207, -10929
 12139, -11003
 12139, -11003
 12139, -11003
 12139, -11003
 12071, -11078
 12071, -11078
 12071, -11078
 12071, -11078
 12003, -11152
 12003, -11152
 12003, -11152
 12003, -11152
 11935, -11225
 11935, -11225
 11935, -11225
 11935, -11225
 11866, -11298
 11866, -11298
 11866, -11298
 11866, -11298
 11796, -11371
 11796, -11371
 11796, -11371
 11796, -11371
 11726, -11443
 11726, -11443
 11726, -11443
 11726, -11443
 11656, -11514
 11656, -11514
 11656, -11514
 11656, -11514
 11585, -11586
 11585, -11586
 11585, -11586
 11585, -11586
 11513, -11657
 11513, -11657
 11513, -11657
 11513, -11657
 11442, -11727
 11442, -11727
 11442, -11727
 11442, -11727
 11369, -11797
 11369, -11797
 11369, -11797
 11369, -11797
 11297, -11867
 11297, -11867
 11297, -11867
 11297, -11867
 11224, -11936
 11224, -11936
 11224, -11936
 11224, -11936
 11150, -12004
 11150, -12004
 11150, -12004
 11150, -12004
 11077, -12073
 11077, -12073
 11077, -12073
 11077, -12073
 11002, -12140
 11002, -12140
 11002, -12140
 11002, -12140
 10928, -12208
 10928, -12208
 10928, -12208
 10928, -12208
 10852, -12274
 10852, -12274
 10852, -12274
 10852, -12274
 10777, -12341
 10777, -12341
 10777, -12341
 10777, -12341
 10701, -12407
 10701, -12407
 10701, -12407
 10701, -12407
 10625, -12472
 10625, -12472
 10625, -12472
 10625, -12472
 10548, -12537
 10548, -12537
 10548, -12537
 10548, -12537
 10471, -12601
 10471, -12601
 10471, -12601
 10471, -12601
 10393, -12666
 10393, -12666
 10393, -12666
 10393, -12666
 10315, -12729
 10315, -12729
 10315, -12729
 10315, -12729
 10237, -12792
 10237, -12792
 10237, -12792
 10237, -12792
 10158, -12855
 10158, -12855
 10158, -12855
 10158, -12855
 10079, -12917
 10079, -12917
 10079, -12917
 10079, -12917
 10000, -12978
 10000, -12978
 10000, -12978
 10000, -12978
  9920, -13039
  9920, -13039
  9920, -13039
  9920, -13039
  9840, -13100
  9840, -13100
  9840, -13100
  9840, -13100
  9759, -13160
  9759, -13160
  9759, -13160
  9759, -13160
  9678, -13220
  9678, -13220
  9678, -13220
  9678, -13220
  9597, -13279
  9597, -13279
  9597, -13279
  9597, -13279
  9515, -13338
  9515, -13338
  9515, -13338
  9515, -13338
  9433, -13396
  9433, -13396
  9433, -13396
  9433, -13396
  9351, -13453
  9351, -13453
  9351, -13453
  9351, -13453
  9268, -13511
  9268, -13511
  9268, -13511
  9268, -13511
  9185, -13567
  9185, -13567
  9185, -13567
  9185, -13567
  9102, -13623
  9102, -13623
  9102, -13623
  9102, -13623
  9018, -13679
  9018, -13679
  9018, -13679
  9018, -13679
  8934, -13734
  8934, -13734
  8934, -13734
  8934, -13734
  8850, -13788
  8850, -13788
  8850, -13788
  8850, -13788
  8765, -13843
  8765, -13843
  8765, -13843
  8765, -13843
  8680, -13896
  8680, -13896
  8680, -13896
  8680, -13896
  8594, -13949
  8594, -13949
  8594, -13949
  8594, -13949
  8508, -14001
  8508, -14001
  8508, -14001
  8508, -14001
  8422, -14053
  8422, -14053
  8422, -14053
  8422, -14053
  8336, -14105
  8336, -14105
  8336, -14105
  8336, -14105
  8249, -14156
  8249, -14156
  8249, -14156
  8249, -14156
  8162, -14206
  8162, -14206
  8162, -14206
  8162, -14206
  8075, -14256
  8075, -14256
  8075, -14256
  8075, -14256
  7987, -14305
  7987, -14305
  7987, -14305
  7987, -14305
  7899, -14354
  7899, -14354
  7899, -14354
  7899, -14354
  7811, -14402
  7811, -14402
  7811, -14402
  7811, -14402
  7723, -14450
  7723, -14450
  7723, -14450
  7723, -14450
  7634, -14497
  7634, -14497
  7634, -14497
  7634, -14497
  7545, -14543
  7545, -14543
  7545, -14543
  7545, -14543
  7455, -14589
  7455, -14589
  7455, -14589
  7455, -14589
  7366, -14635
  7366, -14635
  7366, -14635
  7366, -14635
  7276, -14680
  7276, -14680
  7276, -14680
  7276, -14680
  7186, -14724
  7186, -14724
  7186, -14724
  7186, -14724
  7095, -14768
  7095, -14768
  7095, -14768
  7095, -14768
  7004, -14811
  7004, -14811
  7004, -14811
  7004, -14811
  6913, -14854
  6913, -14854
  6913, -14854
  6913, -14854
  6822, -14896
  6822, -14896
  6822, -14896
  6822, -14896
  6731, -14938
  6731, -14938
  6731, -14938
  6731, -14938
  6639, -14979
  6639, -14979
  6639, -14979
  6639, -14979
  6547, -15019
  6547, -15019
  6547, -15019
  6547, -15019
  6454, -15059
  6454, -15059
  6454, -15059
  6454, -15059
  6362, -15098
  6362, -15098
  6362, -15098
  6362, -15098
  6269, -15137
  6269, -15137
  6269, -15137
  6269, -15137
  6176, -15175
  6176, -15175
  6176, -15175
  6176, -15175
  6083, -15213
  6083, -15213
  6083, -15213
  6083, -15213
  5989, -15250
  5989, -15250
  5989, -15250
  5989, -15250
  5896, -15286
  5896, -15286
  5896, -15286
  5896, -15286
  5802, -15322
  5802, -15322
  5802, -15322
  5802, -15322
  5708, -15358
  5708, -15358
  5708, -15358
  5708, -15358
  5613, -15392
  5613, -15392
  5613, -15392
  5613, -15392
  5519, -15427
  5519, -15427
  5519, -15427
  5519, -15427
  5424, -15460
  5424, -15460
  5424, -15460
  5424, -15460
  5329, -15493
  5329, -15493
  5329, -15493
  5329, -15493
  5234, -15525
  5234, -15525
  5234, -15525
  5234, -15525
  5139, -15557
  5139, -15557
  5139, -15557
  5139, -15557
  5043, -15589
  5043, -15589
  5043, -15589
  5043, -15589
  4947, -15619
  4947, -15619
  4947, -15619
  4947, -15619
  4851, -15649
  4851, -15649
  4851, -15649
  4851, -15649
  4755, -15679
  4755, -15679
  4755, -15679
  4755, -15679
  4659, -15708
  4659, -15708
  4659, -15708
  4659, -15708
  4563, -15736
  4563, -15736
  4563, -15736
  4563, -15736
  4466, -15764
  4466, -15764
  4466, -15764
  4466, -15764
  4369, -15791
  4369, -15791
  4369, -15791
  4369, -15791
  4272, -15817
  4272, -15817
  4272, -15817
  4272, -15817
  4175, -15843
  4175, -15843
  4175, -15843
  4175, -15843
  4078, -15868
  4078, -15868
  4078, -15868
  4078, -15868
  3980, -15893
  3980, -15893
  3980, -15893
  3980, -15893
  3883, -15917
  3883, -15917
  3883, -15917
  3883, -15917
  3785, -15941
  3785, -15941
  3785, -15941
  3785, -15941
  3687, -15964
  3687, -15964
  3687, -15964
  3687, -15964
  3589, -15986
  3589, -15986
  3589, -15986
  3589, -15986
  3491, -16008
  3491, -16008
  3491, -16008
  3491, -16008
  3393, -16029
  3393, -16029
  3393, -16029
  3393, -16029
  3294, -16049
  3294, -16049
  3294, -16049
  3294, -16049
  3196, -16069
  3196, -16069
  3196, -16069
  3196, -16069
  3097, -16089
  3097, -16089
  3097, -16089
  3097, -16089
  2998, -16107
  2998, -16107
  2998, -16107
  2998, -16107
  2899, -16125
  2899, -16125
  2899, -16125
  2899, -16125
  2800, -16143
  2800, -16143
  2800, -16143
  2800, -16143
  2701, -16160
  2701, -16160
  2701, -16160
  2701, -16160
  2602, -16176
  2602, -16176
  2602, -16176
  2602, -16176
  2503, -16192
  2503, -16192
  2503, -16192
  2503, -16192
  2403, -16207
  2403, -16207
  2403, -16207
  2403, -16207
  2304, -16221
  2304, -16221
  2304, -16221
  2304, -16221
  2204, -16235
  2204, -16235
  2204, -16235
  2204, -16235
  2105, -16248
  2105, -16248
  2105, -16248
  2105, -16248
  2005, -16261
  2005, -16261
  2005, -16261
  2005, -16261
  1905, -16273
  1905, -16273
  1905, -16273
  1905, -16273
  1805, -16284
  1805, -16284
  1805, -16284
  1805, -16284
  1705, -16295
  1705, -16295
  1705, -16295
  1705, -16295
  1605, -16305
  1605, -16305
  1605, -16305
  1605, -16305
  1505, -16315
  1505, -16315
  1505, -16315
  1505, -16315
  1405, -16324
  1405, -16324
  1405, -16324
  1405, -16324
  1305, -16332
  1305, -16332
  1305, -16332
  1305, -16332
  1204, -16340
  1204, -16340
  1204, -16340
  1204, -16340
  1104, -16347
  1104, -16347
  1104, -16347
  1104, -16347
  1004, -16353
  1004, -16353
  1004, -16353
  1004, -16353
   904, -16359
   904, -16359
   904, -16359
   904, -16359
   803, -16364
   803, -16364
   803, -16364
   803, -16364
   703, -16369
   703, -16369
   703, -16369
   703, -16369
   602, -16373
   602, -16373
   602, -16373
   602, -16373
   502, -16376
   502, -16376
   502, -16376
   502, -16376
   401, -16379
   401, -16379
   401, -16379
   401, -16379
   301, -16381
   301, -16381
   301, -16381
   301, -16381
   200, -16383
   200, -16383
   200, -16383
   200, -16383
   100, -16384
   100, -16384
   100, -16384
   100, -16384
    -1, -16384
    -1, -16384
    -1, -16384
    -1, -16384
