-1556480, 6193152
-1177098, -1672965
2880272, 1090136
3353322, -2393128
6168056, 1446684
-335711, -5393053
-2388704, -2168256
-6157941, 4341794
321592, 8557009
-1379203, -2181827
10712782, -8357252
-5214988, 1223395
-80179, 5275064
1693905, -1129899
-4457181, -13258
5060581, 148583
-3739103, -6614047
5733463, 3901904
149014, -651515
-1357895, 4435346
-8172427, 307923
3788841, -1091632
3052770, -2061424
5832828, 2434312
1125229, -2073742
-3843137, -4557126
-4501664, 1051142
-5649256, 3784695
7215813, 8819429
6136068, -6354012
2489260, 81186
-8400654, -1676908
1409321, 364109
2510916, -1973315
-4902797, -4159137
4152466, 7342700
1043399, 122988
483345, -2746004
-4545719, 8762580
4199473, -9056075
-2585936, -8184685
-3392296, 10655025
6971259, -6300445
2296958, 1776384
-4344050, 1842737
-5548457, -3140456
5562432, -857322
655433, 4597125
5916164, 3555258
-5069585, -5801474
-1025862, -5928100
-4426958, 3664743
2661687, -2056560
8040495, 3215717
-2457179, 1884994
-3571655, 44934
2887098, 658314
-2201829, -1343149
-3355529, 6676451
-67590, -10189004
4274236, -858141
-1225350, 5019672
4856481, 7965296
156068, -7424850
-9696585, 2523946
-4367974, 2199881
6902761, -1822233
4735725, -3780040
-2768581, -4735784
4169676, 8875765
-4449787, 2159520
109118, -2064686
518469, -964794
-3122576, -3036377
214669, 288157
5916733, -4416120
-2253466, 7028251
-4059959, 7423327
812332, -8037713
955066, -1072617
-246700, -1218740
-7162189, -955477
3793247, 3977697
5230178, 302362
1171074, 5783995
-6451199, 563286
818998, -5956981
-1607641, -958423
4720720, -1412561
1934322, 5208526
-3447230, 1128109
292555, 1695183
321375, -1923655
-3438631, -3271532
2137227, 2510222
-2971806, 1983724
3730122, -4517590
2504079, -1796787
2497543, -1181318
-5284229, 5974107
-2836076, 2382014
-77414, -1636898
5961502, -5018695
-3355645, 1077479
935086, -762984
151037, 1119762
2733175, 5226757
-1559298, -4042643
-5080998, -2505568
3848554, 429861
2419305, 5926746
-1550609, -4736307
-1813547, 2031398
-1519630, 1182293
3914036, -2489708
2947173, -292983
-3128659, 1021733
-910529, -1412876
-2061444, -3039583
1718437, 8244443
-883605, 902824
2134290, -6968394
701292, -1068341
-872297, 7405594
3399574, -9741792
-3161129, 4879686
-2676101, 714403
4488973, -4328606
-3521614, 5984082
-277623, 3068749
3076356, -8656723
2934587, 4907207
1375440, -4117093
-4775046, 38122
-4821001, 2916011
5501618, -55920
3720321, -1527498
-4159701, 2635019
-610479, 975315
989481, -859601
-2826989, -3043942
1267079, 494810
5928808, 197422
-10897420, 2753330
3230990, -5674652
8652837, 6328607
-5729008, -2742069
-3621813, 4164998
619172, -2110411
-725078, -1445740
5497967, -3093465
-2397464, 6707695
520402, -3345030
-4457807, 1112770
211489, 2847159
1629306, -5573347
-1864943, 390614
4886545, 1952057
-456219, 4190130
-1084796, -8099749
-661592, 2182176
-4579742, -3225428
5999430, 4149393
-916858, -1382233
3120748, 2809708
-9194740, -4242059
7423990, 2310278
-4886330, -4641479
7275748, -1006801
3154920, 6863806
-5100877, -963298
-4297568, -4419894
-2766561, 3226739
1626190, 1016402
7982164, -258197
-434868, -4993775
1755987, 3252878
-5608163, -5104979
-907124, 3625071
-4392458, 3108620
3468218, 6662110
3426092, -9808601
1941990, -298404
2241199, 3062580
-3072126, 69258
-1353025, -1040506
-4926922, 918557
2350734, 484431
1961910, 2730826
496368, -348390
8219571, -3139552
-8410620, -6233857
-405424, 3728096
-138570, 4974304
1364993, 1478107
-2257900, -1634631
-523908, -2750292
3262062, -3054331
3223801, 6066782
-8924885, -941232
9719858, -2556156
-3617169, -2416827
-6889734, 3928277
2051681, -14477
1058309, -5752152
916191, 7338770
1446002, 1434672
-872971, -1284869
-4059059, -6282068
1046703, 1794749
-2807231, -2985472
5859259, 5580583
-1349178, 1293083
-134675, -10786
-9006913, -2876163
12931234, -2349826
-7589952, 1941336
2509174, 966203
-2808549, 503422
1368376, 804414
1885924, -4860148
-5140646, -985709
-4581318, 2798589
2367335, 6521006
5635743, -1960530
8141135, 734348
-9875532, -4155237
1762250, -1698177
-7549087, -1481867
3080549, 3319117
375003, 2789138
1587307, 4703377
7086697, -5660978
-7338920, 1645088
-865826, -5743552
-426454, -2364269
1034065, 7531680
-3806205, 1310823
-2489829, -3872694
7461295, 2689505
4831982, 1905040
-1598311, -3371976
-6609509, 2326725
-2681176, -1920845
4567426, -661737
-18478, 3547684
-1884342, -3084261
3221855, -839621
-4685146, 4202892
5932853, -4211818
-2432525, 5626486
1576894, -1678758
1143890, 2371468
-7308229, -3340587
338967, -180201
7680525, -4094210
-3187842, -993275
1491439, 4711946
521845, 4084006
2041989, -1065665
-3942249, -1402249
-1895325, 322644
4493592, -111808
-3306821, -7560390
549028, -6640213
-77588, 12512159
2576000, 1516720
4092248, 730412
-7085513, -3015843
5097988, -2642177
-7469138, -992064
3599948, 684538
-2280717, -2991786
-1083001, 7349838
-493639, -4378307
10579405, -2081238
-2149543, 12698574
-1667398, -2204722
275377, -4153998
-7309564, -938724
769072, -3430193
5192475, 3813796
-3014749, -1797760
6871805, 315346
739462, 6948825
-7617589, 454971
3120795, -63542
-2949350, -11438472
-3542742, 3802246
3414226, 1556439
5729641, 6811001
975811, -9949524
-5114209, 5274491
1904577, 2584305
-6228470, 21384
10166936, -4587006
-5214150, -5168631
-7751943, 6266801
7273512, 3736785
-1146205, -3317943
2195598, -1639930
-1088373, -2493663
151260, 1574891
-657612, 1246583
-4572225, 1523791
-2338319, 604456
10250673, 2376544
215, -4792005
-4407774, -5288132
-2350445, 3601660
-59694, 116690
3208946, 8241322
-798933, -1775770
4522937, -1183385
-3224689, 23908
-2996892, -3502032
3415067, -3594155
-199565, 1190592
-4793261, 7196869
-1264413, 1444138
9630257, -878443
736020, -6885373
-9745087, 6790539
5664597, -1961237
-460044, -1736749
-6344864, -115694
-1365303, 1794244
5671288, 514626
528076, 195340
5734198, -3843109
-2802005, 7771560
-4187579, -2482810
-778381, -4946990
-7648779, -4820274
4716826, 3348237
8024395, 6358494
1334971, -5546679
-5438306, 2366845
-745991, 518850
-4173929, -3862741
3955811, -1609556
-1703739, 6897576
3105041, -3166457
-3427011, -3338547
-515879, 6876179
422409, -3108356
4966898, -1656145
1074106, -1706385
-3868092, -2213641
-2871055, 4260552
408074, 6103225
-5959424, -2734965
11504277, -588181
-1622851, -797600
3182459, -2409456
-6778849, -1190237
-3038323, 1419495
4700489, 778061
2411462, 890313
-1147314, -2618637
-6447988, 4102591
9670643, 5072584
-7140091, -3840933
171924, -7444430
2796900, -5938570
5575636, 3258161
-7819371, 8406433
3084630, 9918534
-4994202, -4030618
4271135, -5848469
893889, -1412007
954310, -8438831
-1957320, 2949122
610036, 4824181
46860, 5266604
-652922, 378567
2267193, -3177668
-9794705, -2209025
5623631, -1795663
9324725, -2778001
-4019813, 11076219
-3045246, -7390754
-7265188, 1883601
4564830, 1859395
7761735, -1830735
-1737892, 3350303
-9098185, -4696603
242553, 7143909
7744069, -10903538
3051531, 2947330
-6483865, 2536501
-4320759, 1522363
4631317, 2222728
5403976, -3232779
-5753342, 2452043
3201411, 173694
-4228008, -3594468
2228852, 2997805
6337897, -6310117
-6320043, 3423980
-1129620, 3188462
-19851, 2567668
2885625, -5381967
-118306, 4087992
2426662, -8500516
-1155306, 2615994
-2926342, 5036676
-3604536, -1550475
7851536, 551600
-1494059, -3982234
-2022373, 2157069
1605698, 2559116
825998, -4341585
-6185500, 2059820
-192845, 41641
4792809, -4510223
2985715, 5534202
-2481043, 1263663
-6034484, -4184936
2259528, 1903765
-112340, -2617853
600008, 264621
2979155, -2824028
-1743682, 4060242
-1212166, 5982814
970803, -5677406
-148008, -4598373
4508032, 2220943
-5496057, -1686555
-2754848, 6229111
-2106942, 776760
13530431, -4415985
-2754280, -1179731
-4386049, 1800155
2625626, 1215311
-7013547, -3611272
5760734, 2185734
-1035143, -168105
137127, 2153605
1363180, -5628624
-235871, 2720817
29109, -772805
908445, 4899518
1762230, 761685
-3478298, -3701021
-2963774, 177388
2610624, -2418892
-1918955, 7199701
5182508, -3069484
-1483644, -4088781
5256940, 2993839
-5717926, 1641660
1955611, 486841
-5869629, -3365837
1923318, -1086741
-1577839, -460389
4647075, 7037576
4416405, -3845341
-2354055, -992960
-1111312, -3207216
-5914995, 3216970
1988397, 289508
1499988, 5469391
34651, -5569512
3545410, -1925895
-548054, 3783074
-3566792, -1557414
3618448, -1507787
2599221, -3601057
-5641141, 8490344
3473000, -4558067
-5281606, 888318
2438314, 4077896
6411313, 1319413
-6020364, -5509086
-112924, -4519742
2627396, 76031
-1588265, 7646531
2236655, 1185184
-4291046, 246815
4979239, -613369
-5776108, 20527
5450683, -3950916
-3202020, -5492768
71719, 4717051
2320872, 2317911
-610700, 351641
1697387, 2826654
-3731379, -1075878
4334022, -3869888
-10301018, 2895651
1167512, -5178254
3856812, -3415399
701861, 6780876
964146, 792223
3567876, -2356906
-1500543, -1393895
-6781190, 7590926
-1888438, -6719335
-502107, -1111919
6241257, 1318242
2139268, -9501044
5965608, 8144472
-1216988, 3811090
-6379860, -426910
-2823827, 3286883
-3235301, -7881108
8191994, 3898475
76097, -4878456
4368998, 2706492
-3355469, 581188
-212666, -693861
2054459, 3489688
-4188532, -2154308
2367268, 2823550
-3441025, 1378119
-31471, -1957961
4701637, -6611731
1310706, -329778
-2977, 2328660
1146250, 7539549
-5489327, -2738967
-789340, -5210625
3336876, -943591
-2724346, 1781240
-3853065, 4169750
4400179, -516425
2416539, -4740913
-4285773, -5879424
8636803, 10058687
-3752647, -5115775
-4174557, 6711636
-5483689, -2588381
4197842, -5122598
-2500693, 1097731
4698124, -504993
688380, 5620732
4270091, -2533713
1389064, -600212
-9212623, -8616265
-6712114, 9365694
6035373, -4814767
2308049, 8675866
2655050, 9507
191204, -5349164
1166809, -2173103
-664737, -1144993
-3148586, 3893811
-2442818, -2849444
2370833, 1701154
-4474247, 3820875
5518786, -345561
3707182, -3375565
1288337, 3985784
-3981666, -2512502
-6267254, -11758625
4082181, 8567610
7326197, 4139608
-6195758, -1650213
128390, 1541367
-3183850, 1882528
-45867, -2976399
9626646, -4324964
-1070685, -2343911
-3124478, 764688
-6683492, 5495355
4050979, -834038
-3401654, -1212275
2586664, -650160
-423118, 1883096
4436844, 2536267
-4016615, -4821245
-208107, -6007270
963330, 4342499
1307601, 1362872
-3923914, -977334
-447648, 14374834
-3365796, -11119290
1165304, -5439347
6256295, 3745045
1847135, -2062995
-707686, 894888
-6047013, 2406925
740036, 834271
-5991211, -1181372
5219358, -1513795
6303111, 5044760
-945205, -5267826
-4960143, -1511296
4545292, 1763523
-2097783, 2522452
-7121572, 557592
4483110, -1115207
-3497213, -1293696
7706728, 829357
-2276371, -92762
-3361542, 1496636
1336258, 144867
2221700, 7126986
431090, -8051160
-8443881, -2352404
1987598, 2646463
4571227, 5064137
941609, -2900572
685270, -479249
1503846, -49312
-3120808, 2909152
-2718539, 3172511
-353585, -2765659
4727331, -5333451
8178821, 35697
-8059107, 5883462
-5479582, 1162008
6380189, -432329
1134558, -2909243
-3653720, 3329324
1473690, -2315110
-1164615, -3935547
379034, -1206735
-560553, 3500484
3619253, 4035538
-5216164, -6157484
3531298, 1157410
-3027990, 1257823
2126915, 415991
-4908646, -1196463
3776260, 1903778
-1202449, -8695964
5571287, 6697807
-5338612, -3020675
-2205683, -2556236
4334906, 4647906
-2224058, 4754836
1174007, 84273
-1086305, -7231656
1764628, -2465494
194904, 2110707
-501560, -1780350
3197827, 9298693
-3278812, -6467175
822371, 1362397
2850953, 2148623
-8187537, -6164791
2821163, 6451543
7929821, 755104
-2101662, -6473017
-3957366, -3745462
2715614, 7081824
-4860244, 2062972
2215047, -1551913
2018153, 3084899
569235, -116889
891223, -10505327
-3660699, 7036360
2251526, -439361
169963, -947073
4985380, -238330
-2755479, 4055300
-9758487, -2603601
6673499, -859494
42592, 6196407
3863604, 1612052
-3814621, -8226221
39485, -6326838
-1470726, 2347094
1863172, 5787240
-3246413, 3438901
395717, -3287296
3832035, 5817820
-1130643, -3785050
-326457, 1947215
-3696315, -9182634
3060450, -957675
-203903, 7668869
1337696, 92462
-7323078, 2795817
8073497, 6336638
-3798711, -7482831
-1415162, -263890
-1591267, -4580144
802713, -4375130
7818851, 6177126
-3807530, 6526375
-7057846, -3275669
4123846, 536764
-453, 3523893
7580148, -6561294
-4280729, 841088
-3211751, -2236421
-5025709, -3107806
1923459, 1222949
3410926, 9085847
7211784, 1696458
-6501617, -5154329
-6193461, -7438259
196837, 6519116
-2034618, -1190917
8032464, -1299663
-1815754, 1624568
898012, 439883
-355769, -2141827
-4157565, 4447044
299798, -1433312
-3034028, -1016003
2586592, -6640294
5781228, 9595544
-2241507, -430630
1339199, -4158047
-5100685, 3803741
-2898014, 3028258
2309124, -8477142
1618239, 1553769
1658104, 5293022
4007316, 302608
-4366064, -4779851
-205552, 1307809
-2717389, 3015934
1674137, 1882664
-3164940, -5465245
1471360, -1546802
5601490, 6134484
-669426, -1350620
-1484518, -753348
-9910716, 695010
3449266, -654457
5277366, 1422057
3296761, 1832607
3817585, -4206344
-11808689, -3050435
26235, 6711872
1491566, 1658113
5564996, 1414046
-2107128, -3456393
4264779, -2693918
-6555303, -2595033
-3352428, 6548218
8146354, -1735024
-2327657, 2422641
-625769, -1425994
1634361, -1828651
333151, -1172748
1247751, 6258606
-1156492, -1846203
-3058992, -2982646
1988548, -76833
-3234130, 1554752
4049222, 3723906
5336147, -7921073
-2494417, 4387757
-7365691, 5524381
354339, -5632672
5630507, 1550741
2266439, 4944933
-6878073, -8153924
-1145020, -4926271
7206388, -89950
-2938498, 12524761
3197673, 628917
-3251340, -1164666
-574867, -1107575
-2704537, -2305508
-5388688, -7054662
12400172, 2952236
-848031, 1882017
2175076, 4112149
-4687482, 4123795
-5560492, -6287219
92307, 49853
1316953, 4974804
10095980, -7228122
-6200107, -1277520
-1565389, 2675582
3130769, 705609
-4853006, 3529040
-899891, 1645613
4299948, -1388977
3122898, 195326
-5796553, 1663372
-454105, -7026440
4260968, 757961
-20423, 1667264
-1939771, 4777722
-4337368, 1951417
6151279, 140537
1991803, -2544574
-3748726, -1663496
-1490826, 1408006
3063590, -2068280
-1767174, 3335393
-787339, -3050051
1160727, 6099580
-4991492, -3479988
7941155, 561130
-1047342, 4599052
-4501697, 922607
3611784, -4605759
736022, -5204723
-400479, -1127110
-6000557, 1533604
5650155, 7873478
-329937, 5825070
2806901, -4647907
624495, -5540922
-3792189, 60683
2906882, -6647573
-2669101, 7093925
5934429, 5594189
-3401716, -3280777
-4636559, -3996048
2172706, 6304482
-620024, -4468475
8131951, 2348100
-7085553, -4210802
-4545726, 1543229
6234591, -2579868
-791298, 1999412
-5941981, 176206
2056452, -156097
5541668, 6282532
-5635506, -7223593
2999955, -62153
1224761, -5389537
2699832, 4235542
-4468206, 2785187
2505423, 1615451
-4935983, 2575536
-1862692, -1191270
2854306, -4954334
4214585, -2371421
3010408, 2020775
538882, 1221702
-2997493, 3203958
-8775561, -1181196
-1583394, 370070
8232740, -3271767
793078, 2310254
2587290, -5788972
762815, 1840362
-6825527, 5118757
2083389, 1530948
-3248386, -5682502
4459523, 1037106
-2068034, 5272004
3207524, -12480408
-1964766, -7966
-2102028, 9410247
-1231721, 2946216
3943074, 319722
-856421, -1033837
-9094, -5327010
-1250785, 1543310
-3906824, -7702883
6668601, 2516183
-2091932, 12664095
1073510, 1557074
-756394, -9049764
2633095, -4246108
-857642, 3676369
-2238889, -1010977
-2644957, 2163347
-392407, -4743539
5648526, 2341620
3298052, 695011
-3617110, 2430428
-3628659, 1936189
1581783, -4313730
531556, 625263
3583506, -3798956
596583, 288994
-2624885, 5842123
804085, -4370089
-7897272, 1984978
3525330, 7283057
5350046, -4340092
1612679, -5869418
-8454202, 652349
16721, -3524692
2884598, 6050960
1475267, -953829
-1537313, 2345597
-3926076, 5757551
413202, -3744343
4251886, -6673523
6846940, -1072018
-9673991, 155114
52612, 2103969
2365621, 5717093
-1489468, 4491230
159519, -8053435
-5125288, 27991
7795760, -2861516
5377783, -2580341
-11897033, 4699256
-316144, 6732362
6909346, -5202226
-1439046, -720796
3347106, -642566
-3816345, -4167081
-2630558, 9983324
3949923, -4108382
1783492, 310618
-1589491, -1103597
-1387452, -260462
-354769, 3558804
-2310357, -4074228
6897654, -745163
-6111722, 5638422
1826928, -3998241
-5898299, 8177068
1343824, -11300099
9862531, -456339
-3731141, 6363569
-1645742, 382201
-693275, -3387786
-121609, 903783
5260991, 300462
-7190786, -502304
1041743, 3410951
2805998, -2627856
-5148825, 313467
10464502, 75234
-3533580, -2946539
-2377818, 2985403
-5533314, -833928
-2528325, 1905577
7055746, 3310007
574838, 1418046
692604, -3592880
1685448, -5653488
-6987228, 3055838
41360, -6537167
2893406, 7813393
-552233, 6577659
637968, -2281368
-758048, -8301165
-374800, 1064543
3547991, 498612
-5554978, 2943051
2047138, 1845885
923765, 218623
1070818, -1950342
-1798372, 1485251
-1096846, -1637680
2089086, 3275439
969199, -6572449
-6972657, 378268
9194312, 6631679
-8693292, 211987
8121534, -2653367
-3112135, -4732343
2720324, 4156897
-4116767, -4024620
-1455805, -585423
-763542, 7249585
-659796, 851852
6998245, -5848269
-971003, 2203792
-3142432, -3787476
8953162, 2575786
-14736956, -2011394
3286854, 1461226
2889309, 1936217
4949346, -1353759
-2138119, 6954610
-1682799, -9842390
-845497, -2715097
7465743, 1773360
-5362430, 4317389
45491, -1781664
-8233059, 1177108
4048939, 1636837
5637495, -3895715
546688, -327938
-4670785, -2653206
1525100, 1300464
-275611, 4363623
-5394534, 969751
781400, -1723235
3192578, -2438674
5620173, -7831359
-3050938, 6114639
-875588, 2579010
-2114517, 1862922
-3073933, -5085734
6801055, 7062741
-4040764, -4091780
2831887, -2586894
-743042, -3580015
-2227783, 5477877
6799006, -3378520
-4716701, 6655423
-7817229, -357443
4323215, -446481
2262651, -9086919
2291445, 1696084
1508838, 297196
728163, 11249615
-9241133, -8625373
1578640, -257070
604208, -405655
4309066, 1706503
1997462, 1043782
-4091529, -580737
3247417, 818239
-967974, -847308
-3239233, 188178
4827083, -6126631
-3440912, 7119918
220500, 222168
-4086134, -657141
2335461, 4601013
5014536, -1750133
1411999, -7151625
-4900980, -661069
6337237, 5222751
-10978921, 51239
5048086, 811428
2860138, -2907210
-5593532, 6966700
370385, 600188
5723801, -7328108
4757638, -784829
-2760674, -4800774
-5833275, 4713816