   -1594658,    -6183557
   -1169346,     1678440
    2876918,    -1099120
    3357183,     2387844
    6159019,    -1485092
    -310351,     5394653
   -2381839,     2175867
   -6165197,    -4331681
     268262,    -8558734
   -1368902,     2188264
   10739166,     8323028
   -5216937,    -1214746
    -113387,    -5274441
    1699271,     1121803
   -4457103,       27721
    5060305,     -157285
   -3697294,     6637362
    5714669,    -3929172
     151128,      651016
   -1365519,    -4432923
   -8174290,     -255890
    3794113,     1073286
    3059614,     2051308
    5828509,    -2444772
    1138432,     2066545
   -3821029,     4575741
   -4505168,    -1036187
   -5656095,    -3774565
    7158737,    -8865631
    6167168,     6323671
    2488938,      -89632
   -8397398,     1692577
    1406943,     -373197
    2520613,     1960917
   -4888618,     4175802
    4138673,    -7350491
    1042572,     -129732
     496905,     2743557
   -4575588,    -8746920
    4216554,     9048036
   -2532402,     8201611
   -3445774,   -10638118
    6993366,     6276217
    2293515,    -1780935
   -4356160,    -1814258
   -5532732,     3168426
    5565556,      837830
     646338,    -4598540
    5892692,    -3594136
   -5040240,     5827070
   -1004944,     5931732
   -4434328,    -3655896
    2675276,     2039000
    8024284,    -3256574
   -2463922,    -1876308
   -3571834,      -37702
    2882710,     -677628
   -2194925,     1354537
   -3379888,    -6664384
     -46067,    10189405
    4279907,      829395
   -1251414,    -5013238
    4827213,    -7983067
     171994,     7424498
   -9713507,    -2458427
   -4379460,    -2177036
    6909531,     1796679
    4743993,     3769757
   -2736342,     4754466
    4122856,    -8897578
   -4457824,    -2142848
     113694,     2064433
     525059,      961251
   -3106489,     3052969
     213583,     -288973
    5926807,     4402861
   -2301359,    -7012840
   -4099247,    -7401861
     842609,     8034727
     957482,     1070492
    -238320,     1220400
   -7156944,      993738
    3778008,    -3992136
    5229444,     -314358
    1131014,    -5792031
   -6454220,     -528459
     842072,     5953833
   -1605405,      962205
    4730374,     1379834
    1906165,    -5218879
   -3451564,    -1114742
     288572,    -1695860
     334816,     1921418
   -3420812,     3290356
    2127392,    -2518686
   -2976664,    -1976612
    3761559,     4491206
    2513809,     1782981
    2502116,     1171394
   -5298560,    -5961063
   -2852904,    -2361924
     -68328,     1637328
    5981748,     4994736
   -3358380,    -1069104
     940505,      756353
     144802,    -1120620
    2712096,    -5237928
   -1549156,     4046682
   -5063133,     2541762
    3846174,     -451413
    2395194,    -5936688
   -1538568,     4740351
   -1828041,    -2018337
   -1526262,    -1173696
    3924216,     2473566
    2947899,      285351
   -3135939,     -999165
    -902490,     1418025
   -2048799,     3048120
    1696758,    -8248932
    -890056,     -896418
    2173716,     6955996
     705696,     1065396
    -891676,    -7403088
    3470079,     9716863
   -3188990,    -4861500
   -2679066,     -703162
    4500506,     4316582
   -3565260,    -5958160
    -295372,    -3067083
    3113200,     8643515
    2921147,    -4915202
    1405550,     4107019
   -4775299,      -10479
   -4833504,    -2895498
    5501880,       40856
    3731317,     1500090
   -4174825,    -2610690
    -614640,     -972654
     991824,      856832
   -2804393,     3064898
    1264169,     -502280
    5928022,     -223320
  -10905446,    -2722405
    3273180,     5650290
    8614971,    -6379743
   -5716760,     2767260
   -3633750,    -4154460
     634844,     2105672
    -716484,     1449958
    5511320,     3069176
   -2416612,    -6700566
     545432,     3341046
   -4464369,    -1086177
     198857,    -2848074
    1645525,     5568590
   -1867865,     -376540
    4874784,    -1981461
    -475048,    -4188103
   -1060771,     8103058
    -678057,    -2177099
   -4560175,     3252965
    5980632,    -4176351
    -912728,     1384949
    3099417,    -2833269
   -9169008,     4297581
    7413534,    -2343813
   -4872456,     4656117
    7283366,      951088
    3112837,    -6883134
   -5096474,      986793
   -4284009,     4433183
   -2791294,    -3205308
    1619866,    -1026412
    7983193,      221084
    -419263,     4995056
    1730907,    -3266221
   -5576516,     5139338
    -923898,    -3620766
   -4402026,    -3094896
    3416414,    -6688586
    3486942,     9786823
    1943315,      289274
    2231417,    -3069582
   -3072513,      -45452
   -1346499,     1048886
   -4931091,     -895386
    2349142,     -491876
    1940454,    -2746062
     498547,      345251
    8234367,     3100224
   -8390209,     6261083
    -434667,    -3724851
    -170009,    -4973397
    1357908,    -1484656
   -2252574,     1642028
    -502221,     2754389
    3281478,     3033588
    3194507,    -6082407
   -8921895,      970761
    9739887,     2478921
   -3601610,     2439987
   -6908884,    -3894568
    2051727,        7577
    1103938,     5743618
     869127,    -7344553
    1438987,    -1441732
    -868655,     1287806
   -4008930,     6314100
    1035135,    -1801425
   -2792535,     2999175
    5840325,    -5600295
   -1359560,    -1282250
    -134606,       11662
   -8992771,     2921057
   12939683,     2305239
   -7605612,    -1880120
    2502884,     -982624
   -2811130,     -489348
    1365606,     -809210
    1925046,     4844748
   -5134056,     1019298
   -4595262,    -2775564
    2344554,    -6529182
    5651548,     1914716
    8136211,     -788045
   -9854451,     4205315
    1768282,     1691938
   -7536696,     1543272
    3058488,    -3339396
     360792,    -2790984
    1570506,    -4708962
    7132714,     5602970
   -7349720,    -1596345
    -836454,     5747936
    -417972,     2365797
     972230,    -7539925
   -3814883,    -1285369
   -2469837,     3885484
    7451497,    -2716574
    4815960,    -1944894
   -1575498,     3382608
   -6621423,    -2292147
   -2674005,     1930695
    4572616,      623888
     -42432,    -3547376
   -1868140,     3093980
    3224848,      827664
   -4720157,    -4163762
    5961569,     4171377
   -2462322,    -5613670
    1583243,     1672847
    1124035,    -2381045
   -7285439,     3390667
     339933,      178401
    7696282,     4065164
   -3179428,     1019925
    1459159,    -4722060
     500116,    -4086739
    2046024,     1057914
   -3930174,     1435468
   -1897470,     -309510
    4494028,       87554
   -3277452,     7572964
     605096,     6635478
    -164168,   -12511584
    2567835,    -1530625
    4089477,     -746254
   -7059580,     3075866
    5116218,     2606576
   -7463556,     1032674
    3597204,     -698620
   -2255085,     3011139
   -1134507,    -7342041
    -469608,     4380936
   10587534,     2039307
   -2257988,   -12679226
   -1651797,     2216299
     298219,     4152257
   -7305486,      967750
     798618,     3423390
    5165205,    -3850515
   -3004644,     1814514
    6870387,     -343161
     679413,    -6955140
   -7620836,     -400771
    3121185,       46098
   -2902913,    11450670
   -3575693,    -3771225
    3402934,    -1580912
    5690976,    -6843260
    1016909,     9945337
   -5160007,    -5229959
    1886048,    -2597959
   -6228650,       13770
   10186002,     4545209
   -5168731,     5213903
   -7796809,    -6210663
    7252051,    -3778013
   -1132381,     3322633
    2209867,     1620574
   -1070249,     2501447
     142240,    -1575705
    -662830,    -1243790
   -4585568,    -1483456
   -2342708,     -587406
   10237000,    -2435640
      20529,     4792053
   -4360962,     5326894
   -2376710,    -3584435
     -60368,     -116344
    3173904,    -8254978
    -783138,     1782759
    4531437,     1150116
   -3224724,       -5142
   -2981781,     3514815
    3446951,     3563567
    -208353,    -1189082
   -4835346,    -7168629
   -1270659,    -1438638
    9637693,      791901
     787338,     6879646
   -9785127,    -6732569
    5673145,     1936245
    -444395,     1740815
   -6343810,      163110
   -1375949,    -1786087
    5668945,     -539705
     526281,     -200106
    5762862,     3799830
   -2848506,    -7754523
   -4176387,     2501469
    -733624,     4953743
   -7612225,     4877526
    4696617,    -3376366
    7995811,    -6394137
    1385465,     5534255
   -5456086,    -2325493
    -749120,     -514314
   -4156334,     3881627
    3970410,     1573364
   -1756222,    -6884504
    3124302,     3147542
   -3411793,     3354193
    -578691,    -6871087
     446057,     3105009
    4976824,     1625853
    1081867,     1701444
   -3847688,     2249169
   -2903719,    -4238533
     370591,    -6105788
   -5946902,     2762526
   11509485,      482040
   -1616700,      810091
    3197351,     2389816
   -6773402,     1221769
   -3051392,    -1391216
    4694328,     -814536
    2405872,     -905344
   -1134964,     2624028
   -6485814,    -4042400
    9630820,    -5147590
   -7115879,     3885459
     207102,     7443470
    2852136,     5912352
    5550174,    -3301542
   -7871994,    -8357418
    3037644,    -9933192
   -4956386,     4077287
    4316931,     5814978
     902802,     1406376
     994690,     8434385
   -1984892,    -2930588
     572090,    -4828774
      13493,    -5266737
    -654728,     -375418
    2296980,     3156155
   -9776878,     2286189
    5634885,     1759830
    9337959,     2732838
   -4124470,   -11037395
   -2986341,     7414559
   -7276974,    -1836859
    4555567,    -1881687
    7778863,     1756659
   -1764673,    -3336289
   -9067576,     4755507
     207132,    -7145049
    7848030,    10829490
    3027900,    -2971800
   -6500410,    -2494430
   -4328410,    -1500930
    4609664,    -2266876
    5429620,     3189076
   -5769004,    -2414384
    3200388,     -189680
   -4193325,     3635025
    2204565,    -3015795
    6379305,     6268485
   -6337335,    -3392145
   -1160348,    -3177498
     -40700,    -2567486
    2921125,     5362955
    -139030,    -4087442
    2508620,     8476544
   -1176528,    -2606468
   -2959518,    -5017146
   -3596550,     1568754
    7845931,     -627932
   -1461384,     3994416
   -2036757,    -2143561
    1592529,    -2567391
     868399,     4333311
   -6202293,    -2008725
    -193121,      -40343
    4816202,     4485252
    2931429,    -5563063
   -2491356,    -1243132
   -6006126,     4225382
    2249569,    -1915469
     -86735,     2618857
     597810,     -269568
    2998125,     2803951
   -1764806,    -4051162
   -1271039,    -5970433
    1018038,     5668986
    -116711,     4599163
    4496136,    -2244658
   -5479246,     1740897
   -2806956,    -6206002
   -2112264,     -762343
   13554082,     4344079
   -2742518,     1207036
   -4401136,    -1763314
    2617288,    -1233360
   -6994342,     3648820
    5738625,    -2242850
   -1033674,      176807
     122284,    -2154462
    1393330,     5621135
    -263087,    -2718356
      35662,      772540
     874357,    -4905782
    1758091,     -771253
   -3441170,     3735860
   -2965300,     -152200
    2627540,     2400730
   -1958235,    -7189445
    5213040,     3017056
   -1448608,     4101216
    5235664,    -3030608
   -5726728,    -1610168
    1950593,     -506531
   -5840582,     3415923
    1930902,     1073184
   -1575272,      469068
    4575555,    -7084326
    4449354,     3807207
   -2346975,     1009608
   -1093482,     3213354
   -5947360,    -3156900
    1985854,     -306618
    1461226,    -5479942
      65606,     5569298
    3564860,     1889736
    -580766,    -3778230
   -3555640,     1582806
    3626872,     1487514
    2636028,     3574206
   -5715078,    -8440761
    3505767,     4532919
   -5286573,     -858291
    2396451,    -4102827
    6399771,    -1375377
   -5980725,     5552505
     -87258,     4520466
    2626406,     -103052
   -1655157,    -7632121
    2227961,    -1201307
   -4292273,     -222299
    4985289,      561723
   -5776017,       30531
    5479391,     3910912
   -3170144,     5511167
      22671,    -4717574
    2300232,    -2338427
    -613271,     -347147
    1680915,    -2836507
   -3720070,     1114590
    4368215,     3831405
  -10322160,    -2820070
    1197595,     5171475
    3892254,     3375118
     641570,    -6786990
     958306,     -799318
    3581652,     2336084
   -1485871,     1409579
   -6849063,    -7529994
   -1838458,     6733314
    -495536,     1114887
    6227121,    -1383803
    2224605,     9481535
    5904724,    -8188857
   -1239609,    -3803838
   -6375016,      493860
   -2853200,    -3261408
   -3176514,     7904970
    8168750,    -3946912
     127651,     4877490
    4344444,    -2745951
   -3359819,     -555959
    -208509,      695139
    2017216,    -3511342
   -4168721,     2192387
    2345772,    -2841428
   -3449313,    -1357231
     -10671,     1958208
    4761648,     6568764
    1313181,      319848
     -17058,    -2328627
    1065532,    -7551206
   -5463860,     2789120
    -749473,     5216389
    3342511,      923137
   -2743351,    -1751969
   -3891339,    -4134235
    4404113,      482667
    2445687,     4726081
   -4222400,     5925280
    8543808,   -10138144
   -3713216,     5144624
   -4216008,    -6685864
   -5455286,     2647280
    4244954,     5083354
   -2509028,    -1078326
    4701020,      475804
     627591,    -5628075
    4293613,     2494047
    1393738,      589436
   -9159078,     8673906
   -6813178,    -9292118
    6079868,     4758180
    2240270,    -8693410
    2654880,      -26162
     249408,     5346976
    1187136,     2162176
    -655776,     1150208
   -3173200,    -3874032
   -2411464,     2875858
    2354660,    -1723300
   -4504034,    -3785402
    5520678,      310514
    3744015,     3334785
    1250695,    -3997825
   -3961732,     2543956
   -6192158,    11798584
    3987744,    -8612158
    7286768,    -4208926
   -6182551,     1699457
     118484,    -1542188
   -3204409,    -1847398
     -17651,     2976733
    9660849,     4248305
   -1055607,     2350772
   -3132747,     -730107
   -6735564,    -5431437
    4057533,      801594
   -3393738,     1234287
    2593658,      621494
    -441053,    -1878945
    4416310,    -2571696
   -3985191,     4847125
    -141061,     6009292
     921463,    -4351631
    1296523,    -1373446
   -3917443,     1003156
    -608279,   -14368697
   -3258264,    11151076
    1209449,     5429609
    6231335,    -3786201
    1870102,     2042171
    -716301,     -887996
   -6066371,    -2357575
     734492,     -839145
   -5977533,     1248768
    5233854,     1462908
    6261483,    -5096349
    -909966,     5274033
   -4942762,     1567196
    4527853,    -1807819
   -2118493,    -2505081
   -7125151,     -509767
    4495346,     1064552
   -3484382,     1327732
    7699542,     -892740
   -2275668,      108020
   -3378182,    -1458454
    1334741,     -157943
    2162639,    -7144933
     485359,     8047867
   -8416620,     2448160
    1961480,    -2665880
    4529000,    -5101940
     961260,     2894120
     690678,      471389
    1504227,       34445
   -3144947,    -2882901
   -2740095,    -3153791
    -321864,     2769512
    4780056,     5286188
    8178180,     -104478
   -8099370,    -5827802
   -5492543,    -1099049
    6384161,      368823
    1159025,     2899575
   -3676596,    -3304028
    1500313,     2297958
   -1125148,     3947028
     389266,     1203478
    -584919,    -3496509
    3572317,    -4077129
   -5154047,     6209549
    3521303,    -1187446
   -3036705,    -1236615
    2121919,     -440547
   -4896289,     1245647
    3759841,    -1935813
   -1141638,     8703974
    5493013,    -6762306
   -5307855,     3074570
   -2183671,     2575127
    4302017,    -4678484
   -2279274,    -4728532
    1173077,      -96155
   -1024053,     7240627
    1782003,     2452911
     170277,    -2112825
    -483486,     1785333
    3117624,    -9325833
   -3232890,     6490209
     806351,    -1371953
    2828917,    -2177596
   -8133833,     6235599
    2775010,    -6471585
    7920456,     -848220
   -2035392,     6494208
   -3924666,     3779766
    2664768,    -7101168
   -4884096,    -2005746
    2230770,     1529190
    1991250,    -3102300
     570054,      112806
    1015365,    10494419
   -3733068,    -6998542
    2255370,      419614
     176825,      945849
    4987904,      179328
   -2797160,    -4026728
   -9735352,     2689224
    6679632,      811056
     -31126,    -6196429
    3846649,    -1652023
   -3741676,     8259581
      85799,     6326332
   -1498560,    -2329290
    1802790,    -5806080
   -3276687,    -3409806
     419862,     3284166
    3762039,    -5863039
   -1091040,     3796513
    -343785,    -1944161
   -3628265,     9209366
    3071742,      920905
    -284181,    -7666378
    1336827,     -104423
   -7343679,    -2741436
    7996609,    -6433484
   -3719779,     7522431
   -1412738,      276614
   -1557006,     4591931
     855458,     4365066
    7753174,    -6259162
   -3866200,    -6491680
   -7033006,     3328438
    4117081,     -586605
     -37698,    -3523716
    7639231,     6492515
   -4286962,     -808884
   -3184302,     2275206
   -4992339,     3160921
    1912226,    -1240360
    3342030,    -9111216
    7190521,    -1784210
   -6446245,     5223317
   -6125197,     7494481
     147211,    -6520378
   -2019910,     1215645
    8045793,     1213799
   -1830527,    -1607861
     894620,     -446715
    -329575,     2146062
   -4204982,    -4402419
     312936,     1430534
   -3026239,     1039191
    2667850,     6608145
    5677926,    -9657163
   -2237468,      451264
    1371134,     4147673
   -5146902,    -3740774
   -2930349,    -2996875
    2387186,     8455328
    1606199,    -1566155
    1592586,    -5312892
    4003662,     -345930
   -4321299,     4820043
    -215697,    -1306125
   -2754478,    -2982157
    1653664,    -1900707
   -3113975,     5494521
    1483367,     1535323
    5525084,    -6203536
    -654712,     1357836
   -1477432,      767200
   -9915980,     -617484
    3457118,      611600
    5261568,    -1479414
    3279460,    -1863380
    3850416,     4176302
  -11769649,     3197531
     -47280,    -6711724
    1475861,    -1672093
    5553621,    -1457971
   -2063637,     3482414
    4294030,     2646798
   -6530269,     2656923
   -3404254,    -6521213
    8167436,     1632542
   -2354232,    -2396784
    -612173,     1431869
    1648898,     1815526
     347872,     1168454
    1178492,    -6271956
   -1138840,     1857120
   -3035000,     3007000
    1989413,       51786
   -3251229,    -1518903
    4013612,    -3762481
    5399631,     7878252
   -2549730,    -4355970
   -7426791,    -5442291
     408342,     5629134
    5617938,    -1596126
    2203642,    -4973214
   -6786823,     8229981
   -1097620,     4937030
    7206854,       31682
   -3097762,   -12486130
    3190373,     -664724
   -3239857,     1196093
    -565799,     1112214
   -2674900,     2339720
   -5309152,     7114488
   12370746,    -3072142
    -863344,    -1874996
    2122278,    -4139584
   -4733583,    -4070681
   -5498928,     6341004
      91893,      -50609
    1253036,    -4991169
   10176757,     7113464
   -6187193,     1338006
   -1587361,    -2662526
    3121459,     -745789
   -4892690,    -3473866
    -915981,    -1636723
    4311318,     1353352
    3120087,     -235642
   -5815071,    -1597224
    -384762,     7030515
    4254460,     -793464
     -41930,    -1666828
   -1993956,    -4755250
   -4356292,    -1908558
    6149772,     -191740
    2024540,     2518540
   -3729428,     1706164
   -1504658,    -1393166
    3080740,     2042540
   -1810384,    -3312250
    -752352,     3058954
    1100098,    -6110970
   -4962178,     3521934
    7932924,     -664635
   -1100208,    -4586547
   -4510556,     -877553
    3650542,     4574877
     803973,     5194821
    -387460,     1131690
   -6015793,    -1473491
    5583296,    -7921388
    -406212,    -5820204
    2860488,     4615072
     680140,     5534324
   -3792540,      -28356
    2993934,     6608762
   -2751270,    -7062400
    5877658,    -5653716
   -3373479,     3309753
   -4583466,     4056576
    2099188,    -6329143
    -574830,     4474386
    8111282,    -2417702
   -7029401,     4303713
   -4563340,    -1490170
    6260313,     2516611
    -808445,    -1992515
   -5943941,      -97487
    2058191,      131987
    5477464,    -6338862
   -5572804,     7272362
    3000463,       22299
    1288023,     5374669
    2656303,    -4262871
   -4492209,    -2746127
    2483626,    -1648644
   -4965908,    -2517078
   -1850318,     1210310
    2897457,     4929073
    4245931,     2314935
    2986317,    -2056277
     526266,    -1227204
   -3025547,    -3177543
   -8759172,     1298514
   -1587705,     -351285
    8266275,     3186645
     772731,    -2317197
    2664548,     5753914
     740955,    -1849300
   -6878127,    -5048051
    2069858,    -1549251
   -3171798,     5725790
    4446960,    -1090194
   -2122750,    -5250364
    3318112,    12451796
   -1964511,       34459
   -2214449,    -9384583
   -1262414,    -2933250
    3940131,     -354841
    -842361,     1045299
      54760,     5326657
   -1266843,    -1530118
   -3837775,     7737373
    6633868,    -2606226
   -2243922,   -12637948
    1057109,    -1568237
    -675232,     9056110
    2690340,     4209938
    -901778,    -3665706
   -2228098,     1034412
   -2664212,    -2139468
    -327737,     4748378
    5619701,    -2409758
    3290472,     -729836
   -3638903,    -2397564
   -3654651,    -1886555
    1633830,     4294224
     524909,     -630839
    3617680,     3766334
     592581,     -297131
   -2695727,    -5809857
     850497,     4361347
   -7915107,    -1913027
    3425113,    -7330851
    5402660,     4274580
    1675245,     5851960
   -8459938,     -575009
      65185,     3524113
    2810396,    -6085746
    1485382,      937985
   -1558762,    -2331384
   -4005096,    -5702987
     459061,     3739052
    4323303,     6627616
    6856615,     1008970
   -9675315,      -21645
      26793,    -2104479
    2304081,    -5742243
   -1530828,    -4477356
     271103,     8050232
   -5125104,       35221
    7826018,     2777018
    5401356,     2530241
  -11960846,    -4533821
    -399168,    -6727846
    6965078,     5127144
   -1432269,      734117
    3355803,      595909
   -3764465,     4214175
   -2739026,    -9954348
    3988248,     4071364
    1778941,     -335486
   -1575604,     1123259
   -1384496,      275584
    -388159,    -3555237
   -2253004,     4106066
    6906215,      659003
   -6172943,    -5570969
    1864494,     3980720
   -6012578,    -8093432
    1485201,    11282409
    9866971,      347874
   -3791242,    -6327963
   -1650975,     -359003
    -650711,     3396255
    -131567,     -902397
    5257954,     -350427
   -7182964,      603602
     998784,    -3423762
    2834838,     2596696
   -5151556,     -264442
   10462601,     -222925
   -3496275,     2990847
   -2410748,    -2958971
   -5525215,      886685
   -2555127,    -1869543
    7013355,    -3399097
     559020,    -1424374
     727102,     3586098
    1765455,     5628945
   -7025274,    -2967099
     114147,     6536226
    2818155,    -7840746
    -645887,    -6569092
     666937,     2273056
    -665052,     8309092
    -385076,    -1060863
    3540485,     -549078
   -5591878,    -2872145
    2026329,    -1868652
     921597,     -227538
    1098596,     1934854
   -1817206,    -1462180
   -1078373,     1649923
    2057175,    -3295615
    1063353,     6557925
   -6976985,     -288889
    9118930,    -6735104
   -8695014,     -127098
    8158713,     2536276
   -3051002,     4771875
    2673016,    -4187378
   -4077050,     4064716
   -1447210,      606350
    -856940,    -7239120
    -669435,     -844295
    7055445,     5779095
   -1002735,    -2189505
   -3093180,     3827730
    8923110,    -2677650
  -14716200,     2156790
    3265400,    -1508700
    2864025,    -1973525
    4964580,     1297110
   -2206950,    -6933200
   -1539848,     9865982
    -810190,     2725905
    7445092,    -1858833
   -5405169,    -4263999
      71376,     1780821
   -8247699,    -1069935
    4029894,    -1683219
    5676018,     3839412
     551432,      319920
   -4635744,     2714160
    1509988,    -1318036
    -319404,    -4360716
   -5408223,     -890736
     803928,     1712871
    3220650,     2401575
    5698713,     7774566
   -3140110,    -6069230
    -909333,    -2567269
   -2135945,    -1838260
   -3022537,     5116359
    6696792,    -7161645
   -3986675,     4144478
    2861713,     2553846
    -706913,     3587315
   -2308173,    -5444371
    6842888,     3288401
   -4794004,    -6599768
   -7813050,      436775
    4329349,      382723
    2382523,     9056281
    2271479,    -1722757
    1505748,     -312514
     561533,   -11259206
   -9125809,     8747368
    1581559,      238497
     608328,      399455
    4283240,    -1770100
    1983382,    -1070206
   -4084340,      628800
    3238812,     -851416
    -955257,      861609
   -3241438,     -144914
    4899169,     6069085
   -3514048,    -7084058
     217167,     -225421
   -4076936,      711640
    2280839,    -4628251
    5032231,     1698347
    1518734,     7129822
   -4891734,      726784
    6274757,    -5297824
  -10979010,       62596
    5035488,     -886804
    2898952,     2868616
   -5676116,    -6899796
     364148,     -604008
    5833146,     7241372
    4767788,      720605
   -2703065,     4833445
   -5882140,    -4652697
