   -95,   -378
   -72,    102
   176,    -66
   204,    147
   377,    -86
   -23,    329
  -147,    131
  -373,   -269
    26,   -522
   -86,    132
   646,    520
  -317,    -80
     1,   -322
   102,     71
  -272,     -5
   309,     -2
  -238,    398
   356,   -229
     8,     40
   -75,   -273
  -498,    -34
   229,     74
   182,    132
   361,   -136
    64,    129
  -245,    269
  -272,    -75
  -335,   -245
   463,   -519
   357,    404
   152,      2
  -517,     78
    87,    -18
   147,    128
  -312,    238
   277,   -434
    64,     -4
    20,    169
  -246,   -550
   223,    567
  -188,    489
  -166,   -662
   400,    411
   147,    -99
  -257,   -130
  -351,    168
   335,     76
    60,   -277
   376,   -190
  -335,    330
   -90,    356
  -252,   -244
   152,    138
   505,   -156
  -140,   -127
  -217,    -21
   179,    -25
  -141,     70
  -168,   -424
   -60,    619
   255,     76
   -46,   -312
   341,   -456
   -34,    452
  -574,   -211
  -252,   -160
   408,    153
   264,    259
  -198,    270
   310,   -512
  -256,   -160
    -7,    126
    25,     62
  -210,    163
    15,    -16
   328,    309
   -87,   -442
  -193,   -479
    -9,    493
    50,     72
   -24,     72
  -441,      4
   260,   -212
   319,     22
   116,   -341
  -386,    -85
     2,    367
  -105,     45
   274,    124
   160,   -299
  -199,    -97
    32,   -100
     3,    119
  -236,    168
   151,   -133
  -162,   -146
   185,    306
   135,    131
   140,     94
  -264,   -409
  -149,   -170
   -20,     98
   312,    359
  -192,    -97
    49,     55
    20,    -66
   216,   -288
  -134,    228
  -331,    100
   236,     13
   206,   -332
  -142,    269
   -88,   -141
   -79,    -87
   209,    191
   174,     49
  -177,    -95
   -70,     75
  -157,    160
   194,   -476
   -43,    -64
    50,    442
    30,     72
    32,   -454
    92,    623
  -133,   -329
  -152,    -74
   218,    312
  -140,   -400
    20,   -187
    80,    555
   235,   -258
    32,    263
  -285,    -61
  -252,   -234
   328,     72
   203,    138
  -215,   -210
   -24,    -66
    48,     64
  -208,    145
    82,    -13
   356,     66
  -613,   -308
   117,    381
   600,   -261
  -378,     86
  -159,   -297
     8,    134
   -63,     76
   284,    260
   -49,   -432
   -16,    206
  -249,   -129
    53,   -166
    17,    354
  -105,    -50
   318,    -45
    34,   -255
  -183,    464
    -7,   -139
  -319,    123
   417,   -156
   -75,     68
   227,   -119
  -608,    111
   474,    -23
  -360,    199
   414,    172
   293,   -356
  -316,    -23
  -323,    193
  -112,   -234
   112,    -34
   466,    143
  -106,    287
   156,   -163
  -413,    209
     6,   -228
  -207,   -255
   314,   -334
    38,    633
   109,     50
   183,   -142
  -179,    -56
   -97,     38
  -273,   -138
   146,     12
   162,   -126
    23,     29
   426,    327
  -601,    217
    42,   -225
    80,   -293
   106,    -62
  -161,     55
   -80,    151
   135,    237
   298,   -295
  -537,   -108
   519,    327
  -255,     74
  -328,   -356
   119,     39
   -46,    354
   191,   -409
   111,    -56
   -75,     58
  -355,    287
    95,    -84
  -220,    119
   447,   -210
   -53,   -101
    -8,     -2
  -577,    -10
   701,    390
  -400,   -262
   164,     -6
  -152,    -85
    95,    -19
    11,    318
  -316,    -47
  -207,   -254
   269,   -327
   284,    228
   483,    125
  -653,     35
    66,    134
  -464,    -72
   246,   -126
    80,   -152
   190,   -236
   286,    474
  -385,   -250
  -172,    310
   -75,    126
   221,   -408
  -189,   -157
  -226,    167
   484,      9
   317,     -3
  -165,    157
  -325,   -278
  -195,     50
   245,    139
    78,   -202
  -176,    133
   164,    120
  -171,   -344
   241,    373
   -10,   -374
    51,    131
   119,   -108
  -490,     21
    15,     18
   339,    409
  -203,    -18
   194,   -231
   125,   -218
    90,    108
  -255,    -14
   -99,    -63
   250,    113
  -366,    346
  -128,    386
   296,   -704
   181,    -23
   247,     58
  -470,     -3
   221,    272
  -442,   -127
   218,     50
  -201,    111
   121,   -437
  -136,    232
   538,    379
   197,   -761
  -148,     81
   -89,    238
  -430,   -132
   -44,    210
   385,    -80
  -213,     23
   389,    158
   219,   -366
  -410,   -221
   171,     84
  -459,    556
   -97,   -302
   229,      3
   494,   -226
  -207,    574
  -143,   -425
   173,    -92
  -342,   -166
   437,    522
  -424,    145
  -258,   -551
   499,    -10
  -152,    151
    76,    149
  -127,    107
    51,    -82
    -2,    -86
  -208,   -208
  -111,    -97
   624,    152
  -132,    261
  -386,    166
   -28,   -261
     0,     -8
   404,   -358
   -93,     74
   212,    191
  -174,    -92
  -261,    105
    83,    291
    23,    -70
   -54,   -525
   -27,   -114
   494,    323
  -158,    392
  -329,   -646
   248,    269
   -75,     80
  -344,   -178
   -21,   -136
   319,    138
    34,      5
   194,    374
    79,   -498
  -297,      9
  -188,    241
  -551,     30
   351,    -38
   617,    -99
   -95,    335
  -218,   -289
   -24,    -50
  -338,     79
   161,    205
   119,   -417
    68,    262
  -283,     72
   183,   -379
   -73,    177
   211,    240
     4,    123
  -272,     -3
   -19,   -313
   211,   -308
  -398,    -42
   585,    390
  -110,     -9
    91,    226
  -392,   -151
  -114,   -170
   270,    108
   154,     30
  -143,    100
  -205,   -419
   665,     45
  -494,    -29
  -230,    392
   -46,    398
   394,     11
  -133,   -688
   481,   -413
  -389,     46
    30,    441
     0,    102
  -227,    466
    -4,   -216
   190,   -228
   176,   -269
   -21,    -41
    11,    238
  -575,   -212
   228,    279
   384,    453
   165,   -700
  -403,    275
  -307,   -340
   295,     59
   333,    355
    25,   -229
  -621,    -70
   255,   -354
    21,    816
   255,    -45
  -241,   -350
  -166,   -225
   310,     47
   161,    349
  -205,   -322
   167,    102
  -337,     34
   216,    -73
    98,    537
  -197,   -392
    55,   -199
    89,   -129
   -45,    370
   138,   -208
  -179,    509
    35,   -171
    33,   -354
  -234,    -51
   409,    252
  -216,    144
   -23,   -179
   171,    -69
  -115,    244
  -231,   -324
    -8,     -9
    73,    395
   347,   -164
   -76,   -152
  -448,    -14
   180,    -11
  -101,    124
    39,      9
    42,    247
    64,   -262
   161,   -336
  -162,    312
  -177,    218
   301,     59
  -329,   -122
    98,   -404
   -73,   -116
   489,    718
  -177,    -46
  -144,   -251
   172,     40
  -473,    -90
   359,    112
   -56,    -31
    88,    -98
  -148,    321
    92,   -139
   -28,     38
   230,   -199
   113,     31
  -307,     43
  -134,   -122
    31,    215
   186,   -415
   127,    345
  -228,    136
   364,     62
  -206,   -299
   111,     53
  -407,    -70
    48,    126
   -92,    -40
   493,   -148
    56,    353
  -149,    -46
  -178,    106
  -149,   -383
   104,     65
   286,   -195
  -219,    260
    88,    230
   125,   -197
  -227,    -70
   107,    214
   -24,    270
    80,   -617
   -23,    349
  -207,   -253
   276,    -89
   347,    198
  -498,      9
  -188,    202
   123,    103
   238,   -413
   150,     37
  -185,   -186
   201,    231
  -261,   -237
    85,    402
  -370,    117
   197,   -210
   200,     -9
   -13,    -41
   193,    -57
  -212,   -106
    34,    353
  -341,   -557
  -163,    280
    30,    313
   314,   -273
    76,      5
    60,    254
  -125,     -1
    18,   -621
  -366,    218
   -69,     28
   331,    205
  -307,    509
   607,   -106
   108,   -219
  -298,   -252
    16,   -264
  -477,    207
   524,    179
  -205,    216
   306,     69
  -121,   -169
   -39,     21
   239,    -63
  -274,    -87
   224,    -20
   -89,   -208
   -86,     83
   -84,    488
    42,     71
   101,   -100
   377,   -273
  -354,   -122
  -261,    188
   101,    186
   -38,   -195
    19,   -346
   164,    215
  -106,    307
  -440,     60
   808,    -44
  -384,     50
   121,   -467
  -345,   -134
   -51,    401
   -56,   -157
   174,    230
   279,   -204
    65,    296
    31,     87
  -768,    -54
   141,   -689
    34,    470
   485,   -255
   110,    119
  -233,    229
   -50,    142
   -79,     17
    47,   -302
  -229,      6
   174,     38
    -9,   -359
   209,    265
    -3,    306
   234,   -103
  -276,    -80
  -791,    189
   557,   -159
   485,    169
  -325,   -218
    76,    -56
   -41,   -222
  -139,    117
   185,    617
  -151,     44
   -89,   -175
   -11,   -528
   122,    221
  -191,   -110
    72,    146
    71,    -94
   293,    107
  -383,      2
  -289,    226
   241,   -125
   115,      8
  -199,   -146
   658,   -581
  -654,    274
  -211,    266
   419,    150
   -26,    167
    15,    -68
  -119,   -379
    68,      3
  -286,   -239
   128,    306
   481,    107
  -287,    156
  -261,   -179
   257,    150
    41,   -196
  -243,   -362
   116,    257
  -194,   -119
   330,    339
   -90,   -106
   -54,   -218
    57,     59
   427,   -159
  -373,    321
  -428,   -321
   202,     -2
   415,     34
  -106,    153
     2,     51
    53,     75
    27,   -259
    55,   -249
  -148,     84
   -88,    426
   300,    399
    -5,   -609
  -142,   -311
   210,    329
  -102,    161
    32,   -300
   -61,    156
  -236,     84
   -46,     62
   153,   -153
   329,     35
  -491,    -39
   183,    134
   -45,   -195
    96,     91
  -233,   -202
   228,    121
  -476,    246
   530,     43
  -338,   -161
  -205,    -21
   384,     55
   161,   -277
    45,     56
  -401,    196
   -63,    174
   113,    -63
  -107,     36
   579,   -158
  -439,     56
    97,     -5
   206,     71
  -591,   -205
   423,    -76
   307,    377
  -400,    112
  -324,    -75
   452,   -100
   -58,   -317
    -5,    165
   225,      0
    13,     33
  -508,    395
   239,   -421
    52,    130
   -43,     40
   152,    264
   118,   -275
  -454,   -417
   174,    372
   321,   -200
   209,    147
  -549,     70
  -326,    207
    74,   -152
   360,    -90
    74,   -279
  -158,    126
   425,     13
  -233,     62
    91,    -79
  -596,     99
    47,    190
   394,   -253
    47,     67
   -84,   -471
   585,    224
  -511,     35
   -58,    -66
  -290,     59
  -205,    178
   567,    220
   226,   -402
  -390,   -271
   155,    201
   186,   -108
  -115,    601
   -86,   -252
  -216,   -102
  -317,   -172
   123,     65
   585,    -93
   307,    332
  -469,   -191
  -581,   -107
   353,   -184
  -124,    -73
   169,    467
    33,   -145
    50,     35
  -125,     44
   116,   -353
   -68,     58
  -143,   -133
  -281,    332
   683,     32
   -88,   -108
  -185,    192
    58,   -384
    80,   -243
  -391,    367
   130,     43
   333,    -61
   130,    208
  -382,   -101
    65,    -48
    87,   -232
   149,     38
  -385,    -19
   -43,    123
   489,    134
   -92,      1
   -82,    -60
  -235,   -559
    59,    206
   222,    249
   190,    130
  -126,    323
  -487,   -563
   368,   -180
   131,     37
   227,    267
  -246,    -23
   -34,    306
  -317,   -291
   271,   -358
   120,    494
    72,   -192
   -95,      3
   -58,    138
   -56,     49
   378,    -94
  -132,    -16
  -244,    -92
    47,    112
     3,   -219
   310,    129
  -303,    498
   180,   -250
   120,   -549
  -304,    162
   228,    274
   332,      2
  -626,   -179
  -303,     59
   174,    404
   626,   -474
   114,    163
  -145,   -153
   -76,     -5
  -195,    -95
  -526,   -130
   466,    623
    85,    -93
   283,     23
   119,   -362
  -486,   -162
     5,      4
   311,    -44
  -168,    739
  -218,   -319
   114,   -151
   113,    160
    86,   -356
    72,    -89
    21,    275
    83,    172
   -39,   -366
  -408,    135
   140,    224
    94,    -39
   227,   -218
    13,   -290
   146,    346
  -100,    170
  -178,   -176
    47,   -116
   -50,    220
   151,   -174
  -191,     22
   373,    -67
  -307,   -209
   204,    441
   240,   -159
   -44,   -277
  -186,    305
  -282,    153
   -73,      1
   -39,   -376
   570,    158
   327,   -141
  -208,    258
  -305,    151
   -75,   -219
  -322,    304
   353,   -299
   443,    227
  -258,   -129
  -324,   -186
   407,     -2
  -270,     54
   298,    422
  -384,   -325
    -1,   -293
   -26,    411
   100,    -85
  -106,   -347
    31,    122
   471,    199
  -527,   -187
    54,    175
  -289,    174
   297,     76
    77,   -312
   141,    115
    57,   -335
  -104,    -86
  -235,    258
   -60,    289
   173,    138
    81,      9
   132,   -233
  -228,   -490
    -7,    -99
   -43,    539
   149,      5
  -292,    254
   121,     12
   179,   -489
   126,     95
  -389,    -91
   138,    243
   273,   -212
  -676,    402
   -34,   -115
   516,   -283
   152,   -122
    85,    226
   -75,    -33
  -313,     88
    70,    -99
  -517,   -103
   257,    351
   711,   -329
   109,     38
  -545,    101
  -208,    223
   203,   -109
   -95,   -116
    86,   -190
  -286,     51
   226,    297
    92,    184
    88,   -251
    59,   -244
  -231,    159
    45,     22
  -171,    269
    26,     31
   307,   -242
  -247,    112
     2,   -497
   483,    103
  -180,    380
  -325,    180
   -82,   -511
  -209,     51
   400,     86
   -36,    101
   118,   -124
   288,   -313
  -217,     76
  -339,    344
    29,    422
  -121,   -578
   126,    -25
   372,     65
   248,   -148
  -478,    115
   -65,   -306
   -70,    502
   -85,    354
   129,   -770
   398,   -104
  -224,    478
   -61,    -77
     3,    208
  -296,   -177
   565,   -279
  -198,    286
    40,    103
   -85,    -82
   -32,    -80
   209,    -63
  -271,    -91
    35,    422
   268,   -431
  -219,    155
   424,   -446
  -663,    207
    82,    597
   341,   -294
     5,   -103
  -211,     -5
    53,    -17
    74,    313
  -106,   -427
   216,     27
  -129,    196
   -34,   -313
   111,    629
  -213,   -183
   156,   -173
  -105,   -325
    90,   -171
   268,    393
    91,     21
  -210,     76
  -325,    155
   119,   -450
  -394,     63
   498,    103
   392,    -93
  -132,     59
  -508,     28
    61,    -32
    61,    210
   130,   -361
   129,    108
    21,     54
  -109,     81
    75,   -121
  -108,    -53
   215,    100
  -390,    111
   -32,   -425
   473,    505
   -54,   -528
   -99,    512
  -310,   -153
   272,    134
  -274,   -220
   -46,    -84
   434,    -98
    47,    -46
  -306,    465
   127,    -74
  -251,   -165
   216,    526
  -219,   -881
   110,    190
   136,    163
   -51,    309
   409,   -173
  -608,    -42
  -170,    -35
   152,    443
   231,   -351
  -108,     13
    25,   -507
   122,    237
  -206,    364
   -17,     35
  -186,   -270
    87,     86
   264,    -39
    32,   -333
  -101,     56
  -133,    206
  -450,    379
   358,   -214
   153,    -65
   104,   -137
  -323,   -165
   459,    384
  -266,   -229
  -146,    183
  -221,    -31
   325,   -157
  -180,    427
   388,   -312
   -50,   -475
   -12,    265
  -546,    169
   111,    134
    23,     91
   688,      9
  -554,   -537
   -11,     97
   -23,     38
   116,    258
    69,    119
   -46,   -248
    58,    196
   -54,    -57
     4,   -198
  -363,    308
   427,   -225
    14,     13
   -48,   -248
   285,    134
   -98,    309
  -434,     98
   -48,   -298
   328,    379
   -12,   -670
    56,    307
  -174,    178
   419,   -349
    37,     22
  -442,    356
   -44,    291
  -295,   -165
   284,   -359
