0, -76930
0, -573017
0, -144178
0, -31541
0, -38900
0, -117925
0, -5770
0, -64957
0, -43040
0, -163717
0, -183226
0, -72241
0, -4325
0, -114754
0, -88394
0, -136357
0, -39338
0, -58378
0, -9965
0, -57690
0, -51970
0, -67729
0, -153850
0, -152660
0, -214600
0, -64804
0, -69928
0, -89658
0, -92564
0, -7893
0, -128141
0, -280810
0, -121162
0, -138841
0, -115858
0, -74125
0, -205021
0, -213101
0, -288045
0, -86761
0, -131893
0, -177290
0, -82793
0, -301457
0, -195785
0, -87785
0, -164281
0, -16937
0, -143289
0, -11789
0, -264992
0, -270544
0, -32090
0, -102821
0, -73946
0, -112337
0, -33524
0, -121813
0, -23257
0, -148513
0, -80692
0, -39253
0, -9733
0, -62609
0, -302125
0, -10196
0, -282265
0, -22664
0, -147530
0, -24314
0, -297585
0, -25376
0, -142612
0, -87965
0, -116257
0, -608161
0, -5200
0, -318082
0, -26245
0, -86234
0, -12218
0, -104117
0, -10957
0, -311909
0, -172576
0, -627754
0, -22265
0, -326660
0, -98906
0, -66389
0, -18845
0, -62056
0, -93029
0, -135269
0, -22381
0, -82210
0, -68756
0, -72914
0, -3074
0, -109162
0, -601
0, -177092
0, -102986
0, -218245
0, -270725
0, -172493
0, -166297
0, -218321
0, -53765
0, -157405
0, -8996
0, -21632
0, -214657
0, -61450
0, -227837
0, -199909
0, -337354
0, -15986
0, -130637
0, -69448
0, -233972
0, -81514
0, -265877
0, -131301
0, -621842
0, -162920
0, -270793
0, -23809
0, -38029
0, -148417
0, -417625
0, -100385
0, -14408
0, -14480
0, -9209
0, -50580
0, -57770
0, -190145
0, -237865
0, -54596
0, -373346
0, -443140
0, -378473
0, -206132
0, -16385
0, -47345
0, -7976
0, -100900
0, -171629
0, -50129
0, -58889
0, -95888
0, -453556
0, -89258
0, -41625
0, -96682
0, -25810
0, -219682
0, -9725
0, -36560
0, -119506
0, -214745
0, -145780
0, -246793
0, -182641
0, -33226
0, -280282
0, -4756
0, -61925
0, -149157
0, -18338
0, -6484
0, -30346
0, -24866
0, -7778
0, -61133
0, -217530
0, -178484
0, -484178
0, -247493
0, -252305
0, -86929
0, -111130
0, -128042
0, -12116
0, -183749
0, -4852
0, -306577
0, -27442
0, -94436
0, -326657
0, -868922
0, -51560
0, -29786
0, -72125
0, -189025
0, -409001
0, -15949
0, -254369
0, -184213
0, -19709
0, -284314
0, -86681
0, -199154
0, -4889
0, -90961
0, -24218
0, -90100
0, -118385
0, -9332
0, -39645
0, -331354
0, -186425
0, -24217
0, -26689
0, -140186
0, -339833
0, -114970
0, -56500
0, -55226
0, -153941
0, -202880
0, -260081
0, -264410
0, -100669
0, -280625
0, -27625
0, -14213
0, -495977
0, -613485
0, -6565
0, -425
0, -71189
0, -13108
0, -60793
0, -47060
0, -8138
0, -31376
0, -221876
0, -230913
0, -628
0, -52474
0, -111410
0, -101428
0, -194000
0, -84706
0, -238082
0, -386041
0, -65440
0, -48772
0, -269410
0, -936
0, -283050
0, -87082
0, -80365
0, -225817