   653,    360
   738,   -203
  -204,   1120
    27,   -993
  1171,   -141
  -985,   -289
   140,    287
  -637,   -673
   397,   -336
   569,   -236
 -1090,    283
  -281,   -809
   383,   -377
  -354,    360
   -45,   -107
  -343,    827
  -791,    382
  -139,   -820
  -428,   -270
   290,   -435
   616,   -725
 -1062,    298
  -556,   -570
   -54,   -775
   155,   -880
   705,     80
   -15,  -1135
   -45,    692
   455,   -816
  -659,    812
   253,  -1072
  -985,    582
   281,    142
 -1137,    606
  -893,    465
   502,   -273
   709,  -1124
   719,    308
   446,   -516
  -839,    764
   759,    418
   769,    631
   478,   -161
  -537,    -35
  -142,    923
    -7,    469
   627,    391
  -128,   -903
  -221,  -1057
   646,   -312
   338,     10
  -580,   -749
   -94,   -921
  -291,   1107
  -877,    707
   -45,    593
  -127,   -467
   410,    120
   585,   -698
   -32,   1317
   508,   -483
   609,   -311
   328,  -1077
  -293,  -1190
  -326,   -592
  -256,   -486
  -701,    510
   949,    314
   858,    434
   547,   -448
   -57,   -458
   548,   -438
   221,   -723
   676,    911
  -615,   -320
  -152,    709
  1186,    194
   452,   -552
  -745,    622
    71,    861
    62,    568
  -223,   -241
   125,   -939
  -458,    778
  -827,    211
  -154,    690
   167,   -707
   130,   -707
   877,   -468
  -204,   -986
   760,   -957
  -106,    892
   127,  -1079
   -47,   -314
  -713,    205
   995,   -599
  -395,   -966
   451,    742
   758,  -1045
   296,   -327
   891,    708
   -93,    490
   120,    305
  -180,  -1081
   947,    404
  -365,   1144
    41,   -489
  -948,   -132
 -1189,   -473
 -1029,    503
   348,   -618
    66,   -951
  1173,    179
  -426,    866
   755,   -565
  -454,   -361
  -334,   1112
  -332,    454
  -127,   -962
   154,   -878
   947,    712
  -550,    -24
   163,  -1166
  -217,   -178
  -654,   -432
   -54,    424
  -282,   -934
   389,   -662
  -272,   -422
     7,    174
   747,   -257
   -22,    961
   860,   -417
  -312,   -434
   557,   -730
   212,  -1043
    76,    406
  -904,   -324
   649,    639
   425,   -803
   258,    527
   779,    820
   754,    120
 -1308,     96
    66,   -786
  -741,   -929
   567,   -930
  1111,    158
   630,   -747
   489,   -976
   741,   -492
   854,    200
  -519,    593
  -797,    301
   201,   -447
   218,   -474
  -224,   -330
  -435,    641
   366,   -235
   943,   -220
  -327,     81
  -409,   -730
   166,  -1115
  -284,   -707
   923,   -512
  -703,   -869
  -658,    528
   -58,    521
 -1048,    610
  1056,   -248
   -75,  -1130
   476,   -380
  -448,    409
 -1220,   -420
   909,   -933
   223,  -1042
   -18,    946
   822,    893
   212,    876
  -674,   -301
   883,   -245
   419,   -321
   737,    902
 -1091,   -660
   719,    669
  -166,   -932
    89,   -436
  -134,   1150
  -181,    249
  -891,    289
   476,    528
  -198,    284
  -242,   -439
  -172,   -719
  -701,    -39
   153,   -298
  -310,   1256
  -282,   1296
  -256,    715
   418,   -292
   620,    634
   -64,    969
  -120,   -282
   -37,  -1115
  -711,   -301
   834,    136
   984,    -32
  -600,   -692
  -624,   -944
  1047,    490
  -605,    930
  -136,     27
  -866,      6
 -1017,    650
  -429,   -664
    36,   1322
 -1118,    594
  -836,    559
  -933,    741
  -583,    501
  -273,    -24
   192,   -677
  -541,    547
  -588,    753
   506,   -550
  -349,   -624
   534,    676
  -962,     67
   457,    247
  -843,    568
  -768,   -661
   487,    184
 -1010,   -655
   408,  -1052
  -782,   1029
 -1129,    255
  -499,     95
   705,    309
   -75,    696
  1030,   -772
   948,    244
   522,     27
  -101,    -94
  1103,    -48
  -227,   -645
  -705,   -994
     9,    504
   777,   -495
   189,   1082
   237,    440
   153,   -555
 -1270,   -326
   793,   -460
   -72,   1199
   120,    529
 -1133,    174
  -542,   -749
   434,    584
   -88,    412
  -360,   -384
  -368,   1075
    56,   -822
  -973,   -199
  -446,    213
  -397,    940
   469,   -196
   261,    172
  -837,   -487
  1006,    329
 -1266,   -293
  -421,   1128
  -461,   -835
   187,    560
   117,   -306
  -692,   -933
  -396,   -671
  -519,   -476
   311,     74
  -639,   -997
  1193,    158
   633,   -881
 -1089,   -267
  -219,  -1117
   215,    683
  -507,   -549
  -630,    714
  -695,    907
  -312,     10
  -188,    244
  -128,  -1203
   800,    532
  1034,    377
  -582,   -624
   348,  -1068
   476,    160
   827,    641
  -571,    445
 -1033,   -408
  -631,   -952
   451,    700
    66,   1101
  -925,    270
   717,   1107
   438,  -1108
  -148,   -855
   552,    849
  -391,   -669
  -411,   -630
  -948,    867
   865,   -465
  -721,    882
  -288,   -846
  -303,    811
  -938,    -27
   -68,    123
   454,   -230
   787,     41
  -461,   -336
   -74,   -943
   594,   -839
   835,   -292
   595,   -409
  -300,     60
   -53,    144
   665,    863
   407,   -641
  -678,   -858
   842,    -12
  -286,   1125
 -1161,      8
   392,    303
   720,   -246
  -257,  -1264
    15,    691
   991,   -303
  1147,    365
   445,     -9
   318,  -1167
   377,   -317
   -55,   -401
  -679,     89
     7,    866
   819,    390
  -500,    970
   -23,   -167
   428,   -593
   761,    506
  -837,    153
   728,   -433
   273,    671
   107,    -48
  -823,    837
   184,   1036
   835,    994
  -804,    879
   249,   1009
   301,   -862
  -511,   -995
   231,    538
   606,   -778
  1013,   -547
  1058,    210
  -778,    650
   481,    902
  -693,  -1137
   301,   -326
  -104,   -480
   554,    504
   672,   -945
   540,    262
    33,    894
  -823,   -620
  -889,   -987
   -29,   -722
   405,   -603
  1024,   -544
  -979,    572
   352,  -1241
  -673,   -519
  -741,    561
  -677,    148
   449,   -270
   948,   -108
  -510,    145
  -298,    477
   667,    226
   980,    752
   438,   -623
  -602,    747
   617,  -1031
   975,    191
  -155,    971
  -388,    679
  -476,    249
  1001,   -209
  -734,    546
  -388,   -567
  -708,    310
  -169,  -1135
  -600,   -674
  -436,   -529
   197,  -1018
  -177,  -1020
  -862,   -193
  1133,   -356
  1149,   -367
   991,   -287
 -1133,   -138
   327,    963
   326,    638
   921,    631
   801,   -549
  -967,    128
   773,    184
   874,   -762
   510,   -251
  -436,  -1078
   284,    520
 -1189,   -102
  -674,   -664
   333,     33
  -368,    609
   898,    722
    49,    120
   -29,    915
   245,    182
   537,    705
  1062,    202
   -23,    507
   852,   -513
   897,     87
   765,   -410
   618,   -807
   185,   -475
  -208,   1104
   -40,   -935
  -522,     95
  -481,   -934
   689,  -1072
   899,    468
   721,     55
  -612,   1133
  -588,   -829
  -713,   -219
  -648,    380
   298,   -110
  -283,   -870
  1029,    491
 -1197,   -218
   664,    545
  -682,   -534
  1085,    381
   464,    370
   176,    665
   285,    420
    71,   -131
   572,     57
  -645,    238
  -392,    785
  -428,   1072
   388,    821
 -1219,   -530
  -321,    797
   756,    569
   442,     68
 -1172,    267
  1228,    419
  -803,   -781
   515,    998
  -854,   -143
   130,    -26
   290,   -403
  1290,    210
  -355,    594
   927,   -620
   294,  -1169
  -906,   -278
 -1266,    481
   552,    495
  -707,   -574
  -721,   -558
  -830,   -337
  -540,   -854
  -132,   -868
  1043,    399
  -992,   -570
   978,    529
  -107,   1130
  -841,    896
   646,   -340
   477,     41
 -1045,    452
   -33,   -128
   166,    761
 -1022,    508
   554,    632
  -264,   -344
  -261,   -146
   173,   -687
  -373,    901
  -246,   -921
  -731,   1078
  -259,    310
   129,   -512
   281,   -712
   389,   1073
  -581,   -668
  -910,     44
   553,    424
  -960,   -356
  -458,   1202
  -925,     94
  -435,   1261
  -855,    986
  -367,   -843
  -389,    446
   929,   -668
   900,    866
   665,    708
    94,  -1038
   527,   -555
   221,   -659
   298,    -64
  -343,   -394
 -1141,   -161
  -158,    -66
  -422,    630
    15,    850
   503,  -1182
   404,   -915
 -1155,    316
   957,    354
  -804,   -739
  -814,   -750
  -162,    272
   440,   -292
   402,   -591
  -189,    987
  -633,    921
  -750,   -506
   740,    210
   283,   -889
 -1079,   -362
  -364,   -345
  1287,     -9
  -645,   -222
   783,   -819
  -424,   -787
 -1094,    699
   551,    -78
  -361,   1043
   168,   -661
    -7,    979
  -419,   1020
  -531,   -686
  -835,   -341
    -9,   -308
   304,   -674
   -78,   -105
  -311,  -1159
  -534,    212
   406,   -655
  -567,    652
   -59,   -691
  -101,    102
   -69,   -718
   327,     92
  -695,    140
  -718,   -663
  -367,  -1087
   488,     46
  -440,    537
  -571,   -263
   612,    798
  -792,   -360
   -38,    332
   -53,    115
   256,   -988
   196,    233
   232,    428
  -796,   1021
  -246,    827
  -910,    691
  -642,   -697
  -890,   -787
   344,   -915
   785,    838
  -298,    503
   483,   -188
  -754,    133
  1152,     79
 -1044,    368
   579,   -768
  -953,   -424
   636,    624
   -59,   -575
 -1272,   -372
  -142,   -553
  -715,   -553
   699,   -847
   701,   -331
   786,   -726
   601,    367
