    84,  -3039
    84,  -1058
   125,  -6468
   108,   2049
   125,  -1725
   113,   5418
    35,  -4940
    99,   3809
    56,   -516
    64,  -1402
   125,   6467
    94,   2480
    56,   -516
    56,   7676
    15,   2050
    99,  -7906
    94,   6576
    95,   1615
    56,   3580
    56,   -516
   104,   -839
   125,   5820
    84,   3038
    84,   1057
    99,    286
    78,  -3728
   125,    693
    78,  -7824
   104,   -839
   113,   6871
   121,   -239
   125,   5820
    35,  -4940
   143,   5574
   113,   5418
    64,  -2690
   143,  -1478
    84,  -5154
    78,  -2050
   125,   5820
    94,  -5712
   109,  -6146
    56,  -3576
    56,   3580
   104,   7353
    56,   7676
    78,  -6146
    99,   -287
   121,   -239
    78,  -3728
    35,  -4940
   104,    843
   104,   -839
   125,   6467
   125,   4789
    64,   6790
    56,   -516
    47,  -6146
   104,  -3253
   143,   6714
    78,  -3728
    77,  -4465
   125,  -2372
   133,  -1114
    77,   -369
    56,   -516
    99,   3809
   113,  -6870
   104,  -7349
    77,  -4465
    47,  -2050
    77,  -4465
    84,  -3039
   125,   7498
    78,    368
    84,   5153
   132,  -7077
    77,  -4465
   104,   3257
    95,   5711
    64,   5502
    35,   -844
   104,  -3253
    99,   3809
    95,   1615
    78,   4464
    78,  -3728
    78,  -3728
   109,  -6146
   113,  -2774
   133,  -5210
    99,   4382
   121,  -3858
    35,  -3253
    84,   1057
   125,  -6468
   113,  -2774
    95,   5711
   143,  -5574
    47,  -6146
   125,   6467
    56,   3580
    35,   4939
   121,  -3858
   113,   6871
   133,   2982
    56,  -4612
   104,   -839
   143,  -1478
   125,    693
    78,  -6146
   104,  -4935
   133,   7078
   108,   2049
   104,  -7349
    64,  -2690
   125,   2371
    64,   1406
   104,  -4935
    94,  -5712
   132,   5211
    64,  -1402
   125,  -5821
    35,  -3253
    84,  -3039
    46,   2049
   104,  -4935
    84,  -7135
    56,  -4612
    15,   2050
    84,   7134
   108,   2049
   104,   7353
    56,  -4612
    99,  -7906
   113,  -6870
    46,   2049
   104,  -3253
    99,   3809
    99,  -7906
    64,   2694
   125,   3402
    84,   5153
   143,  -2618
    84,  -7135
   133,  -5210
   121,   7953
   125,   4789
   104,   7353
   121,   7953
    94,   6576
    99,   4382
    84,  -1058
    95,  -2481
    56,   7676
    56,   7676
    47,  -6146
    84,  -1058
    46,   6145
   104,   4939
    35,  -3253
    95,  -6577
   121,   7953
    84,  -7135
   113,   5418
   125,  -6468
    95,  -2481
    56,   -516
   132,  -2981
   121,   4334
   121,   7953
    64,   5502
    64,  -2690
   143,  -5574
   143,   5574
   113,   6871
   104,   -839
   132,   1115
    99,   -287
    78,  -6146
    99,   3809
    56,   4616
   125,    693
   143,  -6714
   104,    843
   104,   7353
    46,   6145
   125,  -1725
    35,  -3253
   104,  -4935
    78,    368
    35,  -3253
    56,   7676
    84,   7134
    78,  -6146
    35,   4939
   143,  -2618
   143,  -2618
    84,  -3039
    56,   3580
    99,   -287
   109,  -6146
    35,   3252
   125,   2371
    84,   5153
    95,  -2481
   109,  -2050
    99,   3809
   125,   3402
   125,  -3403
   121,  -7954
    15,   6146
    95,   5711
   133,   7078
    84,   3038
   143,  -6714
   143,   6714
   113,   6871
   133,   7078
    84,   7134
    35,   4939
    78,    368
    84,   7134
   104,   7353
    84,  -1058
    77,   2049
    94,  -5712
   104,   4939
    56,  -4612
   108,   6145
   113,   2775
    56,  -4612
   133,   2982
   125,   -694
   143,   6714
   125,   4789
    56,   4616
    84,  -5154
    77,   7823
   143,  -2618
   104,  -4935
    56,  -4612
    15,   2050
   121,  -4335
    78,    368
   132,   1115
    56,   7676
   104,  -3253
   121,   7953
    56,  -7672
    64,  -1402
   143,   2618
    99,  -3810
   133,   7078
    56,   7676
   125,   3402
    99,    286
    78,  -7824
    46,   6145
    56,    520
   125,   5820
    94,  -1616
   108,   2049
    56,   3580
   113,   5418
    56,  -4612
    35,  -7349
   104,    843
   113,  -6870
   143,   1478
   132,   5211
   104,   -839
    64,   6790
    35,  -3253
   125,   -694
    84,  -1058
    77,   -369
    35,  -7349
   133,  -1114
   132,  -7077
   121,  -4335
   125,    693
   125,  -2372
    77,   6145
    84,  -1058
   104,   3257
   125,   3402
    35,    843
    35,   3252
   132,  -2981
   104,   7353
   121,   7953
    94,  -1616
   121,  -4335
    56,   7676
   113,   6871
    77,   2049
   125,   -694
   125,  -2372
    95,   5711
   121,   4334
   104,    843
   143,   5574
   133,  -5210
    99,  -3810
   113,   5418
    84,  -3039
    84,  -3039
   143,   1478
   104,  -7349
   125,   1724
    99,  -3810
    94,   2480
   104,   -839
    15,   2050
    56,  -7672
    84,   7134
    64,  -2690
   104,  -4935
   113,  -6870
    99,   7905
    78,  -7824
    35,   -844
    15,   2050
   121,   4334
    84,  -7135
   121,  -3858
    94,   6576
   125,   1724
   125,  -1725
    56,   4616
    84,   7134
   143,  -5574
    77,   2049
   113,   6871
   132,   5211
    46,   6145
   132,  -7077
    56,   7676
    47,  -6146
    78,  -2050
    95,   1615
    99,   4382
   121,    238
    15,  -6146
    77,   7823
    99,   3809
    95,  -2481
    94,   6576
    77,   2049
    15,   6146
   133,  -1114
   113,   1322
   143,   2618
   133,  -1114
   113,   1322
    99,   7905
   125,  -6468
    64,   1406
   113,   6871
   125,   5820
   121,   3857
   109,  -2050
   113,   1322
   143,  -6714
    46,   6145
    56,  -7672
    77,   2049
   125,   6467
    64,   2694
    99,   -287
   109,  -6146
   143,  -6714
    77,   7823
    77,   6145
   125,   4789
   125,  -3403
   143,   6714
    95,  -6577
   104,  -3253
    77,  -4465
    56,   4616
   104,   3257
    56,  -4612
    64,  -2690
    77,   2049
   132,   1115
    84,   5153
   104,  -3253
   132,   5211
   108,   2049
   109,  -2050
    84,  -3039
    56,  -4612
   113,   2775
    99,  -4383
    77,   7823
    84,  -5154
   125,   6467
    99,   7905
    77,   7823
   113,   5418
   113,   2775
    95,   5711
   133,  -1114
   133,  -1114
   113,  -1321
   125,   5820
   113,  -5417
    84,  -5154
   121,  -3858
   104,   -839
   108,   6145
    84,  -3039
   125,   -694
    64,  -1402
   125,   2371
    64,  -5498
   132,   5211
   104,   3257
    35,  -3253
    77,   7823
   125,  -4790
    15,  -6146
   104,  -7349
    35,  -4940
    94,  -5712
   121,  -3858
    56,  -7672
   109,  -2050
    99,  -3810
    95,  -2481
   113,  -1321
    56,   -516
   121,   7953
    99,    286
    56,   4616
   113,   1322
   143,  -1478
   113,  -5417
    77,  -4465
   143,   6714
   113,   1322
    84,   3038
    84,   5153
    35,  -3253
    99,    286
   125,  -5821
   133,   2982
    95,  -6577
    95,   1615
   125,  -5821
    64,  -6786
    77,   7823
    56,  -7672
    15,  -2050
    64,  -5498
    77,   3727
    95,   5711
   125,   5820
    99,   7905
   143,   1478
    95,   5711
   104,  -7349
    47,  -6146
   133,   2982
   143,  -6714
   121,    238
   125,   7498
    95,   1615
    15,  -6146
    56,  -3576
   143,  -6714
    78,   4464
   125,  -4790
   132,  -2981
   104,    843
   143,   2618
    77,   7823
    99,   -287
    99,   -287
    99,    286
   113,  -1321
    95,  -2481
   121,  -7954
   121,   -239
   121,   7953
   125,   4789
   133,   2982
    78,  -6146
    56,  -7672
   125,   1724
    15,  -2050
    84,   5153
   125,   1724
    94,   6576
    47,  -2050
    35,   -844
    77,  -4465
   104,   3257
   104,  -3253
   143,   2618
    46,   2049
    56,  -4612
    84,  -5154
   125,   4789
    95,  -2481
    99,   -287
    77,   6145
   113,  -1321
   143,   2618
    99,   -287
   143,   2618
   143,   1478
    99,  -3810
    64,   1406
   125,  -7499
   132,   5211
   104,   4939
   113,  -5417
    84,  -7135
    78,  -6146
    35,   7348
    56,  -3576
   125,  -1725
    15,  -2050
    84,   1057
    94,   2480
   143,  -6714
   113,  -6870
   133,  -1114
   113,   5418
   121,  -3858
   121,  -3858
    35,    843
    56,   7676
    78,  -7824
   113,   1322
   121,    238
    99,  -3810
    84,   5153
   104,  -7349
   125,  -3403
    56,  -4612
   143,   5574
    78,  -3728
   125,   7498
    94,  -5712
   143,  -1478
    64,   5502
   121,    238
    78,  -7824
   104,    843
   121,   -239
    94,  -5712
    99,  -4383
    35,  -7349
    77,   7823
    15,  -6146
   132,  -7077
    64,  -2690
    84,   7134
    94,  -1616
    78,  -7824
    15,  -2050
    78,  -7824
    35,   3252
    78,  -3728
   109,  -6146
   125,  -7499
    56,   3580
    78,  -2050
    64,  -5498
   113,   1322
    94,  -5712
    35,   -844
    15,  -2050
   113,   6871
    35,    843
    56,    520
   143,  -2618
    94,  -1616
   125,  -3403
   104,  -7349
   132,  -7077
   108,   6145
   125,    693
    64,  -2690
    56,   3580
    84,  -5154
   125,   2371
   125,  -4790
   104,   4939
   113,  -6870
    99,    286
    64,   6790
   143,  -6714
    64,   6790
    99,  -7906
   121,   4334
    84,   3038
   121,   3857
    78,    368
