 30116,  12908
 30116,  12908
 30116,  12908
 20683,  25413
 32134,  -6406
 25054,  21116
 31960,  -7224
 32526,  -3956
 28970,  15308
 28793, -15638
 32506,   4118
 27724,  17465
 31341,   9558
 32264,  -5712
 29250,  14767
 29727,  13780
 32008,  -7009
 21099,  25068
 21529,  24701
 29726,  13783
 24090,  22210
 32132,  -6412
 31064,  10423
 30750, -11315
 31766,  -8033
 31183, -10062
 28905, -15431
 25215,  20923
 28651,  15897
 22444,  23872
 24930, -21262
 23680, -22647
 26536, -19221
 32564,   3629
 31779,   7981
 22189,  24110
 27099,  18419
 32568,   3594
 17568,  27658
 10106, -31168
 19361, -26434
 23704, -22622
 29190, -14885
 25766,  20242
 31489,   9058
 31390,   9396
 30057, -13047
 22565,  23758
  8592, -31619
 16774, -28147
 28195, -16693
 32621,   3076
 32598,  -3313
 32759,    671
 30957, -10738
 29938, -13317
 32743,  -1236
 32698,  -2111
 20948,  25195
 18338,  27154
 31140,  10193
 29060,  15136
 32759,   -686
 24483, -21776
 25325, -20790
 18150, -27280
 31761,   8051
 31848,   7701
 31535,   8898
 32751,    975
 27292,  18132
 31139, -10196
 15161,  29047
 31797,   7911
 32088,   6631
 31174, -10088
 31012,  10577
 23488,  22846
 17088,  27957
 20466,  25589
 31365,  -9480
 19495,  26336
 20023,  25936
 20483,  25575
 14865,  29200
 32761,   -592
 20776,  25337
  3341, -32595
 -6123, -32189
 17217, -27878
 29458,  14348
 17954,  27409
 31627,  -8565
 -9254, -31432
  2189, -32693
 26197, -19681
 14367,  29448
 28810,  15608
 22704,  23625
 15331, -28958
 14404, -29430
 -6508, -32113
  -733, -32758
 -3101, -32619
 24585, -21661
 22592,  23732
 24422,  21844
 32392,   4937
 30464,  12066
 20313,  25710
 21868,  24401
 32752,   -941
 23861,  22455
 18354,  27143
 16744,  28165
 32243,   5829
 32212,  -5999
 28606, -15979
 13897, -29673
 21068, -25095
 25614,  20434
 32470,  -4396
 15536,  28849
 19719,  26168
 31425,   9278
 32705,   1995
 32758,    737
 25056,  21114
 32585,   3441
 30089,  12972
 32673,  -2462
 31985,   7113
  3413, -32588
-10178, -31145
-10785, -30940
-11096, -30830
  9411, -31385
 25040, -21133
 32337,   5287
 29967,  13251
 21996,  24285
 32106,  -6545
 32684,   2321
 31894,   7508
 13003,  30075
 32657,  -2666
 16657,  28216
 30668,  11535
 16318,  28414
 31451,   9188
 32403,  -4865
 25268,  20861
 32206,  -6030
 31867,  -7624
 32657,   2669
 32052,  -6803
 20343,  25686
 31639,   8519
 28966,  15317
 23825, -22494
 22400, -23913
  3063, -32623
 29913, -13371
 20654, -25437
 11668, -30618
 -5278, -32338
  5479, -32305
 29796, -13632
 28256,  16590
 32165,  -6249
 20115,  25865
 18577,  26991
 25470,  20612
 21936,  24340
 32120,   6474
 32409,  -4825
 13274,  29957
 18189, -27254
 23794, -22526
 30615, -11676
 19086,  26633
 32195,  -6092
 16892,  28076
 32546,  -3788
  7847,  31812
 32558,   3688
 22458,  23859
 26705,  18986
 32413,  -4800
 17067,  27970
 11820,  30560
 32145,   6348
 26356,  19467
 18278,  27194
 24501,  21755
 18922,  26750
  8045,  31763
 32750,   1013
 19721, -26166
 24061, -22242
 27212, -18252
 31038,  10500
 19606,  26253
 26468,  19315
 29723,  13789
 14387,  29438
  9978,  31210
 31659,   8447
  6261,  32162
 32606,  -3235
 30965,  10714
 15222,  29015
  5699,  32267
 31457,   9170
 29767,  13695
  8831,  31553
 22276,  24029
 28916,  15411
 18986,  26705
 23857, -22460
 28463, -16231
 31559,  -8810
 32554,   3725
 32546,   3794
 32480,   4321
 16555, -28276
 15574, -28828
 11885, -30535
 18184,  27257
 31353,   9519
 32694,   2174
  6898,  32032
 28346,  16435
 15478,  28880
  9963, -31215
 23773, -22549
 14573, -29347
 21162, -25016
 14697, -29285
 16986, -28019
 22554, -23769
  6923, -32026
 12279, -30378
 32508,   4103
 32739,   1339
 22819,  23514
 14141,  29557
  4112,  32507
 32413,   4794
 13940, -29653
 26308, -19533
 32474,  -4365
 29040, -15175
 10372, -31081
  -269, -32765
 31519,  -8952
 19563, -26285
 32379,  -5021
 25992,  19951
 22442,  23874
 24233,  22054
 28222,  16647
 11397,  30720
 17035,  27990
 22487,  23831
  4526,  32452
 16698,  28192
 27584,  17685
  9354,  31403
 26382,  19432
 21410,  24804
  4934,  32392
 28045,  16943
 19638, -26229
 29735, -13763
 14497, -29384
  2778,  32648
  8082,  31754
 22380,  23932
 32758,    715
 32756,   -809
 32498,   4181
 22913, -23422
  1104, -32747
 23915, -22398
  9115,  31473
 27152,  18341
 24260,  22024
 32129,   6431
 15270,  28991
  5631,  32278
  6403, -32134
  2243, -32689
 13746, -29743
 31194,  10026
  7893,  31801
  6680,  32078
 28243,  16611
 13979,  29634
 31705,   8270
 27278, -18153
  4252, -32489
 31762,  -8048
 31815,  -7838
 32434,  -4651
 11582, -30651
 21531, -24699
 28870, -15497
 29209, -14848
 25193,  20950
 27271,  18163
 21030,  25127
  5557, -32291
  6104, -32192
 32603,  -3260
 19894, -26035
 20222, -25782
  3469, -32582
 30554,  11835
 30637,  11618
  1889,  32712
 23904,  22410
  3644,  32563
   507,  32762
 15455,  28892
 24883,  21317
 31065,  10420
 28286, -16538
 11326, -30746
 24601, -21642
 32382,   4999
 16195,  28484
   372,  32764
  2628,  32660
  -781,  32757
 27888,  17201
 21044, -25115
 24029, -22276
 16633, -28230
  8765, -31572
 25749, -20264
  5294, -32336
 32247,   5807
 23917,  22396
 10091,  31173
 27203,  18265
 24499,  21758
 10759,  30949
 16394, -28370
 32490,  -4243
 16771, -28149
  7563, -31881
 25919, -20046
 32682,  -2349
 31681,   8362
 32291,   5557
 30888,  10933
 25472,  20610
 18106,  27309
  2284,  32686
 30714, -11412
 15729, -28744
 31955,  -7245
 14966,  29149
 25886,  20088
  1041,  32749
 26217,  19653
 19846,  26072
 23857,  22460
  9357,  31402
 11829,  30556
  1192,  32744
 31173,  10091
 31360,   9495
 32024,   6935
 17761, -27534
 32737,  -1383
 31255,  -9834
 30663,  11550
 18145,  27283
  7334,  31935
 19545,  26298
 -3107,  32618
 31422,   9287
    68,  32766
 30796,  11191
 20969,  25177
 15944, -28625
 32074,   6699
 32487,  -4268
 32738,   1358
 32145,  -6348
 32383,   4996
 32746,  -1132
 10497, -31039
 13509, -29852
 32659,  -2650
 27187, -18289
 31480,  -9088
 11382,  30725
 -5832,  32243
 17027,  27995
 21238,  24951
 13660,  29783
 21802,  24460
 14254,  29503
 23617,  22713
 23710,  22615
 28621, -15952
 32368,   5092
 30115, -12911
 -4962,  32388
 19633,  26233
  7713,  31845
 29261, -14745
 24346, -21929
 31601,  -8659
 27199,  18270
 23296,  23041
 31575,   8753
 26730, -18950
 22515, -23805
 32092,   6612
 28864, -15508
 22871, -23464
 26020, -19914
  9182, -31453
 29954, -13280
 32582,  -3463
 32765,   -247
 16584, -28259
 32604,  -3257
   975,  32751
  7926,  31793
 11253,  30773
 22348,  23962
 25288,  20836
 25932,  20028
 31818,   7826
 27231, -18223
 29856, -13500
 19776, -26125
 32747,   1126
 13320, -29937
 30734, -11359
 31763,  -8045
 29049, -15158
 30064, -13029
 23988, -22320
 32336,  -5294
 32566,   3616
 29308, -14652
 32749,  -1044
 32754,    878
 32342,  -5256
 29768, -13692
 19966, -25980
 11205, -30790
 31335,   9579
 23939, -22373
 25185, -20960
 30077, -13000
 21128, -25044
 23919, -22394
 22814, -23518
 32761,   -576
 19786, -26117
 32164,  -6252
  1986,  32706
   397,  32764
 11940,  30513
 31629,  -8556
 26626, -19096
 20066, -25903
 32758,    705
 15333, -28957
 24254, -22031
 17308, -27822
 17021, -27998
 32732,   1496
 14927, -29169
 29434, -14396
 22302, -24005
  4921,  32394
 25349,  20761
 19267,  26503
 26996, -18569
 28288, -16536
 31904,   7465
 -5690,  32268
 29293,  14680
 29191,  14882
 32574,   3541
 31947,  -7282
 28813, -15602
 26934,  18660
 13515,  29849
  2048,  32702
 29892, -13420
 32512,  -4075
 31500,  -9019
 32641,  -2860
 32752,    953
 30945, -10770
 32396,   4912
 30688, -11483
 22747, -23584
 31250,   9852
 18634, -26952
 31528,  -8922
 28949, -15347
 19201, -26551
 30732, -11365
 32401,   4878
 32302,  -5492
 32551,  -3750
 15878, -28662
 14868, -29199
 32078,  -6680
  2211,  32691
 26484,  19292
  4315,  32481
 29455, -14353
 32751,    975
 21303, -24896
 32714,  -1845
 31098,  10321
 32762,   -492
 32761,   -558
 31917,  -7410
 32671,  -2493
 24936, -21255
 27227, -18229
 32655,  -2700
 30940, -10785
 27546, -17743
 22715, -23614
 -5829,  32243
 23521,  22812
 26276,  19575
 25561, -20500
 32758,    705
 24397, -21872
 30891, -10925
 28595, -15998
 29802, -13618
 30595,  11729
 29430,  14404
 20644, -25445
 14750,  29258
 11043,  30849
 14483,  29391
 32465,   4430
 25312, -20807
 32409,   4825
 25314, -20805
 32647,   2794
 29236, -14795
 25203, -20938
 18499, -27044
 32143,  -6357
 32317,   5408
 22043, -24243
 17528, -27683
 32761,   -586
 24035, -22269
 18621, -26961
 30114, -12914
 28610,  15971
 32270,   5678
 18935, -26741
 18971, -26716
 29634,  13979
 23969, -22341
 32647,   2794
 32407,  -4837
 28908, -15425
 32239,   5851
 19157, -26582
 28073, -16898
 22115, -24178
 25583, -20473
-15660,  28781
-15671,  28775
 24744,  21479
 32748,   1073
 32754,    881
 30503, -11967
 21623, -24618
 28706,  15798
 32106,  -6545
 30543, -11864
 28918,  15406
 25884, -20091
 32741,  -1289
 25947, -20009
 29881,  13443
 28852,  15530
 32648,  -2775
 20717, -25385
 20858, -25270
 31053, -10455
 21222, -24965
 29937,  13320
 29937,  13320
 29937,  13320
 32281,   5616
 28536, -16102
 24029,  22276
 31960,   7224
 20933,  25207
 32378,  -5027
 21978,  24302
 32734,   1440
 25909,  20058
 32749,  -1054
 32405,  -4853
 32686,   2290
 26757,  18912
 32592,  -3373
 29420, -14424
 32754,    884
 32617,   3119
 23967,  22343
 32704,   2014
 28084,  16879
 30674, -11521
 30693, -11471
 24699,  21531
 30975, -10684
 30595,  11729
 18006,  27375
 19472,  26352
 -6984, -32013
 16844, -28105
  6606, -32093
  2164, -32694
 27926, -17139
-16269, -28442
-13317, -29938
 25754, -20256
  2412, -32677
 30982,  10664
 32308,  -5458
 29836, -13543
 27267,  18169
 22433,  23883
 32685,   2309
-13586, -29817
 -3338, -32596
 19959, -25986
 20404, -25637
 10702, -30969
 25379, -20725
  7453, -31907
 24190, -22101
  6434, -32128
 18121, -27299
  4417, -32467
 28142, -16782
 26049,  19876
 32558,  -3682
 30978,  10675
 21776,  24483
 31031, -10521
 31076, -10387
 15228, -29012
 -7780, -31829
  2863, -32641
 20822, -25300
-14362, -29451
 18786, -26846
 24744,  21479
 24955,  21234
 15483,  28877
 32307,   5464
 16053,  28564
 32609,  -3204
 29961, -13265
 27199,  18270
 32761,   -554
 -8143, -31738
 -2512, -32670
  1264, -32742
 18644,  26945
 17225,  27873
 25739,  20276
 -4433, -32465
  6474, -32120
 10157, -31152
 32745,  -1176
 32034,  -6886
 29756, -13718
 32754,   -881
 32699,   2092
 32038,   6871
 16981,  28022
 30556, -11829
 27005,  18556
 31898,   7493
 32754,    884
 14921,  29171
 28170, -16736
 24867, -21336
-11135, -30816
 -3885, -32535
 20217, -25785
 13506, -29853
 26466, -19318
  8234, -31715
 -6419, -32131
 32235,  -5875
 32752,    966
 31581,  -8732
  7676, -31854
-11585, -30649
 -3419, -32587
 29846,  13520
 26943,  18647
 32748,   1095
 17906,  27440
 32600,  -3298
 32655,   2694
 17977,  27394
 30908,  10877
 32249,  -5795
 32439,  -4620
 23947,  22364
 32684,   2312
 17751,  27541
 32529,  -3938
 32605,  -3244
 22054,  24233
 30559,  11823
 19142,  26593
 32746,  -1142
 32678,  -2393
 26457,  19330
 24791, -21424
 30799, -11182
  5436, -32312
 11662,  30620
 31644,  -8501
 25050,  21121
 18548, -27010
 22767, -23564
  3273, -32602
 32122,   6465
 13326,  29934
 32755,   -853
 14517,  29375
 18530,  27023
 29595,  14062
 13763,  29735
 32745,   1186
 31654,   8465
 19292,  26484
 32351,   5197
 32665,   2565
  9097, -31478
 16135, -28518
 22173, -24124
  5591, -32285
 -4212, -32494
 13357, -29920
 16959, -28035
 16801, -28131
 29042, -15172
 27924,  17142
 21090,  25077
 26775,  18886
 31800,  -7899
 11826,  30557
 23930,  22382
  8732, -31581
 -4697, -32428
  7315, -31939
 24961,  21226
 32600,   3294
 25822,  20170
 14901, -29181
 26928, -18667
 16641, -28226
 28112,  16833
  8337,  31688
 16329,  28407
 32330,   5325
  8036,  31765
 31806,  -7872
 -3959, -32526
 30583, -11759
  8231, -31715
 25700, -20325
 24624, -21616
 15850, -28677
 28759,  15701
 21099,  25068
 31770,   8018
 10175,  31146
 31524,   8934
 32412,   4803
 26070,  19849
 29571,  14113
 32751,   1007
 31916,   7413
 10029,  31194
 31398,   9369
 25458,  20627
 24101,  22198
 22306,  24001
 31031, -10521
  3607, -32567
 -4688, -32429
 30623,  11656
 11829,  30556
 19017,  26683
  4828, -32408
 23829, -22490
  6104, -32192
 20902,  25234
 24342,  21933
 26386,  19426
 32598,  -3316
 20858,  25270
 32463,   4445
 11005,  30863
 32744,   1214
 15735,  28741
 30851,  11037
 23807,  22513
 13104,  30032
 32644,   2828
 29726,  13783
 32731,  -1512
 32524,  -3972
 31934,   7337
 24558,  21692
 14764,  29251
 32488,  -4262
  8371,  31679
 13144,  30014
 25008,  21171
 29913,  13371
 32691,   2218
 10473,  31047
 30674,  11521
 16124,  28524
  6335,  32148
 15563,  28834
 22606, -23719
 30502, -11969
 17273, -27843
  9097,  31478
  4946,  32391
 32737,  -1383
 16277, -28437
 28563, -16056
  7948, -31787
 11214, -30787
 14829, -29218
 32305,  -5479
 26161, -19729
  8097, -31750
 10898, -30901
  7520, -31891
  2512, -32670
 18452, -27076
  7239,  31956
 11562,  30658
  2991,  32629
 23730, -22595
 10020, -31196
 32601,  -3288
 29210, -14845
 17209, -27883
 27683, -17528
 32593,   3360
 25226,  20911
 26246,  19616
 25894,  20078
 29661,  13923
 29375,  14517
 13897, -29673
 28819, -15591
 24420, -21847
 26161, -19729
  1035, -32750
 24699, -21531
 15817, -28695
 22216, -24084
 17417, -27754
 27672,  17547
 26094,  19816
 23797,  22524
 22279,  24026
 25675,  20357
  8610,  31614
  8109, -31747
 26455, -19333
 27526, -17775
 11964, -30504
 14319, -29471
 16364, -28387
 23749, -22574
 13104, -30032
  1430, -32735
  4405, -32469
 10990, -30868
 17563, -27661
 32754,    884
 32746,   1145
 11447,  30701
 32215,   5984
 20394,  25645
 18427,  27094
 31586,  -8713
 20686, -25411
 15541, -28846
  6187,  32177
  6215,  32171
 30981,  10667
  7997,  31775
 27666,  17555
 32559,   3676
 31911,  -7438
  2418, -32677
 23833, -22485
 26131,  19769
 28178,  16722
 25312,  20807
 30032, -13104
 30785, -11220
 14817, -29224
 21538,  24692
 24965,  21222
 -1456,  32734
  9462, -31370
 32571,  -3573
 23894, -22421
 26039,  19889
 27685,  17526
 28808,  15610
  5328, -32330
 31729,  -8179
 16763, -28153
 32006,   7018
 30892,  10922
 31054,  10452
 32702,  -2052
 32752,    941
 29262, -14742
 15505,  28865
 29291,  14686
 23712,  22613
   850,  32755
 20468,  25587
 32456,   4498
 28105,  16844
  7174,  31971
 28969,  15311
 32168,  -6234
 22336, -23973
 13084, -30040
 32168,   6230
  7936,  31791
 13343,  29926
  9981, -31209
 32660,  -2628
 32423,  -4729
 32511,  -4078
 26943, -18647
  9861, -31247
 30113, -12917
 32221,  -5953
 29752, -13726
 -4467,  32460
 21073,  25091
 26136,  19761
  3360,  32593
 23952,  22359
 28229,  16636
 22531, -23790
 27166, -18320
 18973, -26714
 14596, -29336
 31242,  -9876
 16712, -28184
 31054, -10452
 23691, -22636
 18171, -27266
 30008, -13159
 26136, -19761
 32749,   1047
  6656, -32083
 31922,  -7389
 31398,  -9369
 28963,  15322
  2102,  32699
 22389,  23924
 31194, -10026
 31734,  -8158
 23823, -22497
 13463, -29872
 31763,  -8045
 32180,  -6169
 32447,  -4557
 25579, -20478
  9317, -31413
 20392, -25647
 32734,  -1456
 13974, -29637
 31637,   8525
 13052,  30054
  4445,  32463
 11858, -30545
 32589,   3398
 31681,  -8362
 28910,  15422
 27403,  17964
 30788,  11211
 28985, -15281
 19068, -26646
 11688, -30610
 32758,    721
 29289, -14688
 29599, -14053
 32147,  -6338
 32478,   4333
 14033, -29609
 32170,   6221
 10321, -31098
 32187,   6132
 31405,   9344
 14537,  29365
 -7334,  31935
 17252, -27857
 22556, -23766
 31633,   8541
 22726, -23604
 15406, -28918
 20100, -25876
  9669, -31307
 25969, -19981
 22604, -23721
 32199,  -6067
 30706, -11435
 27750, -17422
 31246,  -9864
 17906, -27440
 18351, -27145
 25571, -20488
 31970,  -7178
 32652,   2725
 20666, -25427
 32661,   2625
 31898,  -7490
 10699, -30970
 27423, -17933
 28729, -15757
 11229, -30782
 32452,  -4526
 24945, -21246
 20387, -25651
 32511,  -4081
 31845,  -7716
 32573,  -3551
 26112, -19794
 31136, -10205
 15817, -28695
 30969,  10702
 32145,  -6351
 20429,  25618
  1713,  32721
 16522,  28295
 11624, -30635
 30661, -11556
 25211, -20928
 11858, -30545
 32461,  -4458
 31736,  -8152
 32752,   -963
 20493, -25567
 32558,  -3682
 25518, -20554
 22524, -23797
 32756,    809
 30628,  11641
 32413,  -4800
 32432,   4663
 32299,   5510
 29389, -14489
 30186, -12743
-10372,  31081
-12037,  30475
 -3438,  32585
 25729, -20288
 31839,  -7740
 32663,   2591
  5169,  32356
 23628,  22701
 18226,  27229
 27353, -18040
 32362,  -5129
 25915, -20051
 20468, -25587
 19533, -26308
 16083, -28547
 28104, -16846
 20612, -25470
 23883, -22433
 27437, -17912
 31535,  -8898
 31285,  -9741
 -6397,  32135
 11453,  30699
 25951,  20004
 -3519,  32576
 22212,  24088
 25064,  21104
 32616,   3135
 32563,   3644
 18231, -27226
 32727,   1597
 31741,  -8130
 31686,  -8343
 15834, -28686
 24838, -21370
 14472, -29397
 16873, -28087
 32457,  -4486
 32747,   1110
 29885,  13434
 22547, -23775
 21805, -24458
 28162,  16749
  3526,  32576
 16695,  28194
 25244, -20890
 25222, -20916
 29871, -13466
 29312,  14644
 31609,  -8632
 23762, -22560
 31648,  -8486
 32481,   4312
 24090, -22210
 26547, -19206
 31993,  -7076
 30762,  11282
 20105, -25872
 32472,   4380
 32499,  -4171
 32679,   2384
 31346,   9540
 25435, -20656
 22492, -23827
 23708, -22617
 32542,   3828
 16663, -28213
 31619,  -8595
 32415,  -4784
 19386, -26416
 25694, -20333
 29853,  13506
 29320, -14627
 27466, -17867
 32338,   5281
 27557, -17727
 22841, -23492
 17193, -27893
 29350, -14568
 28009, -17002
 31676,  -8380
 32441,   4601
 32132,  -6412
 29854, -13503
 32675,  -2437
 32171,  -6218
 31192, -10035
 19799, -26108
 30503,  11967
 28983, -15283
 21541, -24690
 31334,   9582
 31118, -10262
 31058, -10441
 28354,  16422
 32078,   6677
 30595,  11729
 32689,  -2243
 32674,   2456
 22724, -23606
 31154, -10151
 32631,  -2966
 32737,   1383
 31153,  10154
 31103,  10306
 27914, -17158
 32311,   5439
 27313, -18101
 32698,  -2111
 21346, -24859
 22412, -23902
 29790,  13643
 28142,  16782
 21015, -25139
 30063,  13032
 30063,  13032
 30063,  13032
 28971, -15306
 24076,  22226
 27231,  18223
 31143, -10184
 32562,   3654
 32109,  -6526
 19636,  26231
 24220,  22068
 32740,   1308
 27113,  18398
 24959,  21229
 30054, -13052
 31893,   7511
 25626,  20419
 22513,  23807
 30673,  11524
 18419,  27099
 31853,   7682
 32634,   2941
 32249,   5795
 31993,  -7073
 32600,  -3298
 28406, -16332
 32085,   6643
 29738, -13757
 21046,  25113
 32753,   -928
 10390, -31075
  3956, -32526
  2750, -32650
 29992, -13193
 31342,   9555
 30532,  11890
 24491,  21767
 31712,  -8243
 32580,   3482
 27877,  17219
 29117,  15027
 29947, -13297
 30732, -11365
 32391,   4946
 29015, -15222
 30605,  11703
 32708,   1942
 28804,  15619
 31241,   9879
 32342,  -5253
 30822, -11117
 24795,  21420
 31493,  -9046
 30806, -11161
 20380,  25657
 28107,  16841
 32665,   2569
  9585, -31333
  9456, -31372
-13497, -29857
 30795, -11194
 27965,  17075
 27273,  18161
 29654,  13937
 32746,  -1142
 32616,   3132
 32684,  -2312
 29594,  14065
 32430,   4679
 29344, -14579
 26112,  19794
 23825,  22494
 28692,  15823
 31709,   8255
 32437,  -4629
 19661,  26212
 32651,   2747
 32385,   4983
 29865, -13480
 31874,  -7594
 17249,  27858
 31822,  -7808
 20671,  25423
 15133,  29062
 32376,  -5039
 25840,  20148
 24926,  21267
 19510,  26324
 31316,  -9639
 31068,  10411
 29966,  13254
 30462,  12069
 17385,  27774
 27234,  18218
 31323,  -9618
 21776,  24483
  7777, -31830
 29973, -13236
-13208, -29986
 32667,  -2547
 31667,  -8416
 14910,  29177
-10044, -31189
 16582, -28261
 16536, -28288
 30730, -11371
 29264,  14739
 22460,  23857
 15530,  28852
 31587,  -8710
 32566,   3616
 32640,   2875
 30539,  11873
 28237,  16622
 14300,  29481
 23614,  22715
 29861,  13489
 -7856, -31810
 29449, -14365
 20011, -25946
 13655,  29785
 30721,  11394
 11893,  30531
 26637,  19081
 30686,  11488
 32754,    872
 27299, -18121
  7514, -31893
 13190, -29994
 32757,    777
 29020,  15214
 30240,  12616
 28202,  16682
 17753,  27540
 30962,  10723
 32532,   3906
 32220,  -5956
 31901,   7478
 10856,  30915
 20291,  25727
 31597,  -8674
 30518,  11928
 32151,   6320
 32382,  -5002
 28932,  15381
 32643,   2832
 32383,  -4996
 31866,  -7627
 25308,  20812
 15089,  29085
 24018,  22288
 19132,  26600
 14672,  29298
 14949, -29157
 21171, -25008
 29872, -13463
 15588,  28820
 31624,  -8574
 13397,  29902
 28398,  16345
 14356,  29454
 12761,  30179
 16625,  28235
 32635,   2929
 26558,  19190
 -6141, -32185
 -4595, -32442
 20232, -25774
 20875, -25256
 23855, -22462
  9209, -31445
 22001, -24281
 11961, -30505
 -1421, -32735
  4778, -32416
 27420, -17938
 27890, -17198
 32489,  -4249
 15139,  29059
 29104,  15052
 25141, -21013
  -740, -32758
 11612, -30639
 31220,   9945
 26279,  19570
 14494,  29386
 32486,   4271
 29903,  13394
 32749,   1063
 31728,  -8182
 31511,  -8983
 10898, -30901
 26233,  19633
 29127,  15008
 32581,  -3473
 32106,   6542
 17848,  27478
 32720,   1735
 19160, -26580
  6585, -32098
 28210, -16668
 32612,  -3176
 20266,  25747
 27088,  18434
 24336,  21940
 27026,  18525
 17790,  27516
 29126,  15010
 32760,    652
 21940,  24336
 17943,  27416
 32751,    975
 23932,  22380
 15347, -28949
 20123, -25859
 13580, -29819
 32594,   3354
 24655,  21581
 32639,  -2879
  9149,  31463
 11559,  30659
 32568,   3597
 15919,  28639
 21802,  24460
 29822,  13575
 19646, -26223
 13752, -29741
 25423, -20671
 20844, -25282
 25075, -21092
 31660,  -8441
 18616,  26964
 19694,  26187
 19646,  26223
 20686,  25411
 32757,   -777
 28781,  15660
 32685,  -2296
 25878,  20098
  8237,  31714
  9176,  31455
  8264,  31707
 19236,  26525
 32206,   6030
 30766,  11273
 19353,  26440
 31202,  10002
 22533,  23788
 32593,  -3363
 29879,  13449
  5200,  32351
 30964,  10717
 16506, -28305
 25030, -21145
  -711, -32758
 10262, -31118
  7557, -31883
 23988, -22320
 31731,  -8170
 32533,  -3897
 12183, -30417
 32754,    900
 26952,  18634
 31553,   8831
 32095,   6597
 32623,   3057
 31802,   7890
 17425, -27749
 17616, -27628
 14658, -29305
 30856,  11022
 23975,  22334
 28445,  16264
  -554, -32761
 27262, -18176
 18515, -27034
 18030, -27359
 20076, -25896
  7548, -31885
 19134, -26599
  2991, -32629
  4887, -32400
 16941,  28047
 32080,   6671
 29173,  14918
 27594,  17669
 31190,  10041
 32230,   5900
 20688,  25409
  2130,  32697
 25953,  20001
 20167, -25824
 26142, -19754
 24349, -21926
 29042,  15172
 28374,  16386
 32407,   4837
 32725,  -1644
  2493, -32671
 32237,  -5866
 20686, -25411
 22756, -23575
 32311,  -5439
 32758,    708
 18195,  27250
 28526,  16122
 20583,  25494
 30528,  11902
  4529,  32451
 10815, -30930
 25409, -20688
 24663, -21571
 28118,  16822
  9112,  31473
 32707,   1967
 27972, -17064
  5616, -32281
 24845, -21363
  9441, -31376
 20120, -25861
  6252, -32164
 16576,  28264
 31094,  10333
 31227,   9924
 32740,   1314
 25488, -20590
 20083, -25890
 23738, -22586
  2518, -32669
 31706,  -8267
 31908,  -7450
 27962, -17080
  2484, -32672
 30070, -13015
 31822,  -7808
  7490, -31898
  9720,  31291
  8395,  31672
 10779,  30942
 29933, -13328
 29934, -13326
  2853, -32642
  7432,  31912
  1832,  32715
 31524,   8937
 14062, -29595
  5266, -32340
 18385, -27122
 28606, -15979
 32679,  -2381
 13678, -29775
 -3338,  32596
 30481,  12022
 14269,  29496
  -664,  32759
 -2299,  32685
 17589,  27645
 -2305,  32685
 26921,  18678
 32491,   4237
 22012, -24271
 30858, -11019
 32493,  -4224
 31101,  10312
 19091,  26630
 29348,  14570
 22138,  24156
 29082,  15094
 27205,  18263
 21222,  24965
 26257,  19601
 -1926,  32709
 32521,  -4003
 17029, -27993
 25371, -20734
 19991, -25961
 31260,  -9819
 17531, -27682
 31794,   7923
 -1876,  32712
  1192,  32744
 30991,  10637
  9360,  31401
 32117,   6489
 18634, -26952
 32721,  -1710
  6775, -32058
 32659,  -2647
 26674, -19030
 18263, -27205
 26379,  19437
 29981,  13219
 16806,  28128
  7811,  31821
 12054,  30468
  9627,  31320
 19734, -26157
  7737, -31839
 32646,  -2803
 32751,  -1004
 32749,  -1047
  8483, -31649
 31562,   8801
 -1998,  32705
  -938,  32753
 27499, -17817
 32162,  -6261
 16844, -28105
 27941, -17115
 31733,  -8164
 29938, -13317
 -4772,  32417
 14823,  29221
 27990,  17035
 32731,  -1518
 31403,  -9351
 13389, -29906
  8204,  31722
 31744,   8118
 -5888,  32233
 23643,  22685
  7896,  31800
  6726,  32068
  7890,  31802
 -3660,  32561
 24597,  21647
 27862, -17243
 32648,   2778
 28024, -16978
 -8088,  31752
 26481,  19297
 26405,  19401
 31444,  -9212
 14280, -29491
 32655,  -2700
 24612,  21630
  4473,  32459
 27685,  17526
 12104, -30448
 32751,   1000
 11084, -30834
 15674, -28774
 18494, -27048
 32677,  -2415
 23656, -22672
 31605,  -8644
 27150, -18343
  3382,  32591
 -9486,  31363
  -652,  32760
 32554,   3722
 16519, -28297
 21119, -25052
 31517,   8961
 31824,   7801
 25133, -21022
  7214,  31962
 13680,  29773
 28424,  16299
 28382,  16373
 18221,  27233
 14382,  29441
 -3157,  32614
 16682,  28202
 14725,  29271
 32203,   6048
 28741, -15735
 28014, -16994
 28519,  16133
   284,  32765
 23853,  22465
 -3654,  32562
 -9341,  31406
 -5625,  32280
 32336,  -5294
 32091,   6616
 19911, -26022
 16135, -28518
 32696,   2136
 29027, -15200
 32654,   2703
 11999, -30490
 32678,   2393
 22216,  24084
 19623,  26240
  2969,  32631
 29429, -14407
 24052, -22251
 32696,  -2146
  7646,  31861
 24738,  21486
-11129,  30818
 21085, -25081
 31608,   8635
 26249, -19611
 32712,  -1882
 27908, -17169
 14756, -29255
 26276,  19575
 -9804,  31265
 22430,  23885
 -3394,  32590
 -6311,  32153
  4629,  32437
 28016, -16992
 31786,  -7954
 32493,  -4218
 32148,  -6335
 16168, -28499
 32752,   -960
 -8525,  31637
 20627,  25458
 27480,  17846
 16557, -28275
 27313, -18101
 32745,  -1170
 16881,  28083
 19961,  25984
 15803,  28703
 32071,  -6711
 31758,   8064
 32505,  -4131
 24545, -21706
 22378, -23934
 20286, -25731
 32590,  -3388
 30587,  11750
 32574,   3541
 30818, -11129
 22207, -24093
 30798,  11185
 29945, -13300
 32658,  -2659
 31325,  -9609
 27354, -18038
 32306,   5470
 30545, -11858
 25514, -20559
 17270, -27845
 26257, -19601
 26746, -18927
 32516,  -4044
 29845,  13523
 -6517,  32111
  7475,  31902
-13032,  30063
  2365,  32681
 21581,  24655
 -2299,  32685
 32394,   4924
 17238, -27865
 17906, -27440
 32668,  -2537
 18205, -27243
 32285,   5594
 31367,   9471
 32075,  -6696
 31347,  -9537
 32674,  -2450
 28673, -15858
 32754,   -890
 29588,  14076
 31342,  -9555
 28991,  15270
 32365,  -5107
 32760,   -639
 22617, -23708
 28873, -15491
 27161, -18328
 31096,  10327
 32611,   3179
 32521,   4003
 26624, -19099
  3282,  32601
 11577,  30653
  2609,  32662
 29467,  14328
 31583,   8725
 24806, -21408
