 16390,    -55
     6,    -84
 16390,     -7
 16390,      9
-16378,      7
-16378,    -61
-16378,   -177
     6,     44
     6,     76
     6,     72
-32762,    -26
 16390,     13
     6,     16
-16378,     -9
 16388,    485
-16378,     43
     6,    -12
 16389,     49
 16390,    237
-32762,    110
-16378,     39
-16378,    -37
 16390,   -107
-32762,    -22
     6,     44
-16378,     43
-32762,      2
 16390,     37
 16390,     37
     6,      4
 16390,     45
-16378,     -1
 16390,   -147
-16378,      3
     6,     76
-16379,    -21
     6,     32
 16390,    -51
-16378,     71
-32762,     22
 16390,     61
 16390,    -59
 16389,    -51
 16390,    -63
-16378,    -65
-32763,    -74
 16390,    -43
-32762,    -30
     6,     36
     6,    -20
-32762,   -146
-16378,    -65
 16390,     97
-32762,    -18
 16390,    -59
     6,      0
 16389,    -35
     6,    -48
-32763,     42
-16378,    -41
-32762,     86
-16378,     15
-16378,    -49
-16378,     39
-16378,    -85
 16390,    -35
 16389,     21
-16378,    -29
-16378,     -5
 16390,     61
-32762,    202
     6,    -96
-16378,    -17
     6,      0
     6,     56
     5,      4
-32762,     10
-16378,     71
     6,    -24
     6,    -56
 16389,    169
     6,    -92
-16378,    -17
     6,      0
     6,     68
-32762,     22
     6,    -68
 16390,      1
 16390,      5
-32762,    -66
 16390,     25
     6,     -8
-32762,    -22
-32762,     10
-32763,     74
-16378,     23
-32762,    -34
-16378,      3
-16378,     -9
     6,    196
-32762,    -10
-32763,    -10
     6,      0
-16378,     11
 16390,     25
-32762,      6
     5,    -48
     6,     44
-32762,      2
     6,    -64
 16390,     81
-32762,    -34
     6,    -32
 16390,     37
     6,    -48
     6,      4
-32762,    -46
-32763,    -30
-32762,     42
     6,    -36
-32762,     30
 16390,    -39
-32762,    -26
-32763,      6
-16378,      3
-16378,    123
 16390,    -47
     6,    -56
-16379,    255
 16391,    325
 16390,     17
-16378,     15
     6,    -20
-32762,     70
 16390,    -47
 16390,     33
-32762,    234
     6,      4
     6,    -64
 16390,     61
-16378,     39
     6,     60
 16390,    -47
 16390,     69
-32762,     26
-32762,     14
-32762,    -10
     6,     44
     6,     48
-32762,     14
-16378,    -41
-16379,    -41
 16390,    -35
 16390,     37
     5,     92
-32762,      6
     5,     28
-32762,    -38
 16390,   -163
-32762,     90
-32762,     58
-16379,    -81
-16378,      7
-16378,     23
-32762,     18
     6,      4
     6,     24
-32762,     62
 16390,     17
-16378,     51
     6,     52
-32762,    -74
     6,     28
 16390,     61
 16390,    -23
     6,     84
     6,     28
     6,      4
-16378,     19
     6,      4
-16378,    -17
-16378,     99
     6,    -44
 16390,     -3
-32762,     30
-32762,    -30
-16378,    139
-32762,    -34
     5,     76
-16378,     67
-16378,   -121
-16378,    -69
     5,     76
-32763,   -166
-16378,     -5
-16378,     47
     6,    -52
 16390,    -43
-16378,    -21
 16390,   -107
     5,     12
 16390,     93
     5,     28
-32762,    -90
-16378,     31
     6,     20
-16378,     31
 16390,    -11
-32762,    -10
     6,    -20
-32762,     -6
     5,    172
 16390,      9
 16390,     57
     6,    -56
-32762,     14
     5,     20
-16379,     59
 16390,      5
-32762,    -18
     5,     20
-32762,    -54
 16390,     -3
     6,     16
-16378,    -29
-32762,     62
-32762,    -14
-16378,     -5
-32762,   -170
-32762,     26
-32762,    -66
-16378,     -9
 16390,    -43
-32762,      2
-16378,     -5
     6,     32
-16378,     39
-32762,     -2
     6,     40
-32762,     86
     6,      4
     6,    160
-16379,   -185
-16378,     -5
-32762,     74
     6,     -4
     6,     20
-16378,     15
-32762,     10
-32763,      6
-32762,   -110
-32762,    -50
     6,    144
-32762,    -46
 16390,     41
     6,    -48
-32762,    146
 16390,     25
-32762,    174
-16378,     43
-16378,     55
     5,    -80
 16390,    -63
-16379,     43
     6,     24
-32762,   -206
 16390,   -111
 16390,    -23
-16378,    -13
-16378,    -13
-16378,    -49
-16378,     -9
 16390,     21
 16390,      5
 16390,      5
-32762,     34
 16390,     49
     6,     96
 16390,     -3
-16378,    -33
     6,    -16
 16390,    -23
 16390,     13
     6,    -84
-32762,     10
-32762,    -10
-16378,    -37
-32762,    138
     5,    -52
-16378,    -53
-16378,     27
     6,     -8
-32762,     74
     6,    -44
-16379,    155
-16378,      3
-32762,     14
-16378,    -17
 16390,      9
     5,     12
-32762,     -6
-32762,    -86
-16378,    -29
     6,     28
-16379,    -13
-32762,    -54
-16378,     19
 16390,     81
-32762,     18
-16378,    -49
-16378,     23
-16378,    -53
-16378,     -5
-32762,      6
-16379,    -53
-32762,   -182
     6,    -20
-32763,     42
-32762,    -30
 16390,     37
-32763,    -30
 16390,    -67
     5,      0
 16390,   -239
-32762,     10
-32762,     46
 16390,    -83
-32762,     10
 16390,      9
 16390,    -31
-16379,     11
-16378,     15
 16390,     41
-32762,     70
-32762,      2
 16390,     17
-32762,   -118
-32762,     -2
     5,      8
-32763,    -26
-32762,   -102
     6,    -48
-16378,     47
-32762,    -62
     7,   -368
     6,     36
     6,     -8
-32762,     14
     6,     24
-16378,     -1
     4,     72
 16389,      5
 16390,    -11
-16378,     -5
 16390,    -91
-16378,    -29
-32762,      6
-16378,     39
-32762,    122
-32763,     -2
 16390,    -95
-16379,     11
     6,    -32
     6,    104
     6,     28
-32762,    118
     5,    -20
     6,     16
-32762,    -58
 16390,    -11
-32762,     82
 16390,    -11
-32762,     -2
 16390,    -19
-16378,    -57
 16390,    -39
-32762,      2
-32762,     14
-16378,    -57
-16378,    -33
-16378,    -17
-16378,   -121
 16390,     61
     6,    116
-32763,     38
 16390,    -67
-16378,    -57
-32762,     54
 16390,     29
     6,     56
 16390,    -39
 16390,    -19
 16390,    -23
     6,     12
     6,     20
     6,     52
     6,    -32
     6,    100
-16378,     19
-16378,     23
 16390,    -59
-16378,     -5
-16378,    -13
     6,     48
-32762,      2
-16378,    -49
-32762,     18
 16390,    -51
-32762,     14
 16389,     65
 16390,     -7
-32762,     42
-32762,    -34
-32762,    -54
-16378,     11
-32762,    -18
-32762,     50
     6,    -32
-32762,    -50
     6,     32
     6,     56
     6,     48
     6,    -36
     5,    -96
-32762,    -22
-32763,      6
     6,     -4
     6,    -20
     6,      4
-32762,    -54
 16390,    -11
 16390,    117
     6,     12
-32762,   -106
-16378,     27
-32762,     26
-16378,     75
     6,     -8
-32762,      2
     6,     16
 16390,     57
 16390,      9
-32762,     38
 16390,    -31
     6,    -48
-32762,   -362
-32762,     30
-16378,     -1
     6,     16
-16378,    -13
 16390,    -19
     6,     28
 16390,     61
-16378,     91
-32762,     18
-32762,   -386
     6,      8
-32762,     82
-32762,     -6
 16390,     45
     6,     44
     6,     80
 16390,    -51
-32762,    -14
-32762,    -22
     6,    -16
     6,    -24
-32762,    -10
-16378,     27
 16390,     61
     5,    528
-16379,   -157
-16378,     31
 16390,     77
 16390,    -63
     6,    -24
-16378,     51
 16390,    -55
     6,      8
 16390,    -11
-32762,    -14
     6,     60
-16378,    -21
-16378,     -9
 16390,    -31
 16390,    -19
-32762,    -10
-16378,     31
 16390,     57
     6,     52
 16389,     29
-16378,     51
-32763,   -782
 16390,     89
 16390,     -3
 16390,   -143
     6,     28
     5,   -188
     6,    -12
-16378,     11
     6,    -24
 16390,      5
     5,    240
-16378,   -169
     6,    -44
-32762,     34
-32762,     -6
 16390,     97
 16390,    -31
-16378,    -41
-32762,     34
     6,    -12
     6,    -12
 16390,     57
-16378,     23
-32762,      2
     6,     48
-16378,     31
 16390,    109
     6,      8
-16378,    -81
     6,    -16
-32763,    114
-32762,      2
     6,    -36
-16377,   -485
-16378,    -25
-16378,     71
     6,    -92
 16390,    -27
     6,     32
 16390,      9
-32762,      2
 16390,    -67
 16390,   -195
     6,    -44
-16378,     -9
     6,     56
-16378,    -17
 16390,    -99
-16378,   -101
-16378,    -37
 16390,      9
 16389,     29
     6,    -44
-16378,    115
 16390,     -7
 16390,     37
     6,     32
-16379,     67
-16378,    -81
     6,    -56
     6,     44
-16378,     75
-32762,     10
-16378,     -9
     5,   -120
 16390,   -143
-32763,    134
 16390,     21
-16379,    -21
 16390,    -59
-16378,     15
     6,     44
     5,    104
     6,    -56
-16378,    107
 16390,     81
-16378,    -21
-32762,    -30
     5,     44
-16378,    -61
-32762,   -102
-32762,    -46
     6,      0
 16390,    -51
     5,    300
-32762,    -38
 16389,    229
 16389,    -51
-16378,     -1
-16378,    -85
-32762,    -10
-32762,     14
 16390,    -51
-32762,   -102
 16390,      5
 16390,    -31
-16378,    107
     6,     48
 16390,     25
     6,    -16
-16378,    -89
-32762,    -34
 16390,      9
 16390,   -175
-32762,    -42
-16378,     75
-16378,     51
 16390,    -51
     6,     48
-16379,    -41
-32762,     -2
