    84,   1004
    84,   1029
   125,   1542
   108,   1343
   125,   1589
   113,   1395
    35,    427
    99,   1259
    56,    700
    64,    829
   125,   1526
    94,   1163
    56,    726
    56,    682
    15,    161
    99,   1209
    94,   1188
    95,   1129
    56,    687
    56,    709
   104,   1289
   125,   1492
    84,   1079
    84,   1054
    99,   1211
    78,    959
   125,   1537
    78,    936
   104,   1266
   113,   1413
   121,   1492
   125,   1546
    35,    427
   143,   1742
   113,   1361
    64,    774
   143,   1798
    84,   1058
    78,    923
   125,   1535
    94,   1172
   109,   1346
    56,    683
    56,    728
   104,   1262
    56,    632
    78,   1000
    99,   1235
   121,   1461
    78,    972
    35,    458
   104,   1282
   104,   1252
   125,   1548
   125,   1523
    64,    803
    56,    655
    47,    579
   104,   1232
   143,   1782
    78,    949
    77,    926
   125,   1523
   133,   1657
    77,    912
    56,    742
    99,   1172
   113,   1352
   104,   1302
    77,    956
    47,    623
    77,    948
    84,   1022
   125,   1534
    78,    939
    84,    980
   132,   1624
    77,    965
   104,   1313
    95,   1167
    64,    771
    35,    445
   104,   1283
    99,   1220
    95,   1154
    78,    954
    78,    986
    78,    977
   109,   1346
   113,   1366
   133,   1657
    99,   1212
   121,   1473
    35,    432
    84,    998
   125,   1576
   113,   1413
    95,   1175
   143,   1750
    47,    601
   125,   1544
    56,    673
    35,    445
   121,   1480
   113,   1399
   133,   1625
    56,    662
   104,   1288
   143,   1724
   125,   1547
    78,    957
   104,   1283
   133,   1611
   108,   1309
   104,   1274
    64,    776
   125,   1578
    64,    766
   104,   1305
    94,   1197
   132,   1607
    64,    746
   125,   1583
    35,    378
    84,   1058
    46,    585
   104,   1314
    84,   1030
    56,    677
    15,    239
    84,   1059
   108,   1304
   104,   1285
    56,    726
    99,   1235
   113,   1437
    46,    559
   104,   1306
    99,   1226
    99,   1227
    64,    789
   125,   1525
    84,   1027
   143,   1779
    84,   1069
   133,   1613
   121,   1474
   125,   1513
   104,   1322
   121,   1478
    94,   1203
    99,   1183
    84,   1064
    95,   1153
    56,    665
    56,    709
    47,    543
    84,   1044
    46,    589
   104,   1310
    35,    455
    95,   1134
   121,   1528
    84,   1034
   113,   1429
   125,   1515
    95,   1140
    56,    707
   132,   1639
   121,   1468
   121,   1534
    64,    826
    64,    818
   143,   1746
   143,   1765
   113,   1443
   104,   1277
   132,   1641
    99,   1216
    78,    998
    99,   1241
    56,    716
   125,   1575
   143,   1726
   104,   1329
   104,   1283
    46,    603
   125,   1563
    35,    414
   104,   1264
    78,    961
    35,    467
    56,    679
    84,   1000
    78,    948
    35,    454
   143,   1749
   143,   1793
    84,   1026
    56,    691
    99,   1200
   109,   1318
    35,    409
   125,   1504
    84,   1044
    95,   1144
   109,   1328
    99,   1236
   125,   1530
   125,   1561
   121,   1507
    15,    192
    95,   1178
   133,   1640
    84,   1074
   143,   1788
   143,   1718
   113,   1367
   133,   1615
    84,   1043
    35,    375
    78,    953
    84,   1040
   104,   1293
    84,   1009
    77,    972
    94,   1161
   104,   1305
    56,    700
   108,   1373
   113,   1374
    56,    704
   133,   1631
   125,   1533
   143,   1745
   125,   1563
    56,    685
    84,   1041
    77,    943
   143,   1746
   104,   1326
    56,    710
    15,    185
   121,   1495
    78,    924
   132,   1647
    56,    682
   104,   1246
   121,   1488
    56,    678
    64,    775
   143,   1774
    99,   1237
   133,   1627
    56,    734
   125,   1553
    99,   1249
    78,    985
    46,    570
    56,    713
   125,   1538
    94,   1113
   108,   1348
    56,    671
   113,   1381
    56,    686
    35,    418
   104,   1313
   113,   1427
   143,   1758
   132,   1626
   104,   1292
    64,    794
    35,    447
   125,   1576
    84,   1057
    77,    955
    35,    433
   133,   1606
   132,   1628
   121,   1472
   125,   1516
   125,   1541
    77,    967
    84,   1011
   104,   1285
   125,   1543
    35,    418
    35,    412
   132,   1637
   104,   1299
   121,   1491
    94,   1153
   121,   1521
    56,    680
   113,   1418
    77,    977
   125,   1500
   125,   1543
    95,   1129
   121,   1492
   104,   1302
   143,   1785
   133,   1611
    99,   1174
   113,   1369
    84,   1048
    84,   1019
   143,   1737
   104,   1330
   125,   1539
    99,   1209
    94,   1170
   104,   1267
    15,    187
    56,    691
    84,   1066
    64,    772
   104,   1281
   113,   1394
    99,   1199
    78,    981
    35,    411
    15,    204
   121,   1476
    84,   1031
   121,   1479
    94,   1144
   125,   1566
   125,   1566
    56,    672
    84,   1033
   143,   1746
    77,    935
   113,   1407
   132,   1633
    46,    606
   132,   1635
    56,    668
    47,    546
    78,    921
    95,   1172
    99,   1232
   121,   1478
    15,    223
    77,    988
    99,   1240
    95,   1148
    94,   1148
    77,    982
    15,    160
   133,   1590
   113,   1428
   143,   1761
   133,   1613
   113,   1412
    99,   1229
   125,   1508
    64,    796
   113,   1332
   125,   1555
   121,   1462
   109,   1373
   113,   1387
   143,   1798
    46,    596
    56,    662
    77,   1017
   125,   1565
    64,    811
    99,   1212
   109,   1393
   143,   1798
    77,    977
    77,    981
   125,   1567
   125,   1535
   143,   1743
    95,   1149
   104,   1256
    77,    939
    56,    707
   104,   1291
    56,    717
    64,    761
    77,    952
   132,   1674
    84,   1029
   104,   1299
   132,   1624
   108,   1344
   109,   1330
    84,   1058
    56,    725
   113,   1385
    99,   1238
    77,    925
    84,   1044
   125,   1547
    99,   1218
    77,    925
   113,   1399
   113,   1401
    95,   1194
   133,   1607
   133,   1632
   113,   1396
   125,   1544
   113,   1376
    84,    969
   121,   1510
   104,   1314
   108,   1319
    84,   1074
   125,   1569
    64,    769
   125,   1573
    64,    800
   132,   1614
   104,   1280
    35,    453
    77,    961
   125,   1558
    15,    175
   104,   1237
    35,    413
    94,   1197
   121,   1463
    56,    685
   109,   1347
    99,   1221
    95,   1177
   113,   1377
    56,    692
   121,   1518
    99,   1266
    56,    716
   113,   1420
   143,   1725
   113,   1373
    77,    980
   143,   1741
   113,   1374
    84,   1008
    84,   1015
    35,    432
    99,   1238
   125,   1544
   133,   1645
    95,   1162
    95,   1171
   125,   1555
    64,    803
    77,    929
    56,    687
    15,    202
    64,    779
    77,    928
    95,   1185
   125,   1559
    99,   1228
   143,   1798
    95,   1160
   104,   1282
    47,    606
   133,   1625
   143,   1758
   121,   1514
   125,   1520
    95,   1169
    15,    182
    56,    673
   143,   1771
    78,    934
   125,   1510
   132,   1631
   104,   1279
   143,   1830
    77,   1005
    99,   1230
    99,   1231
    99,   1210
   113,   1365
    95,   1187
   121,   1513
   121,   1546
   121,   1506
   125,   1537
   133,   1662
    78,    989
    56,    649
   125,   1538
    15,    177
    84,   1055
   125,   1543
    94,   1139
    47,    585
    35,    402
    77,    957
   104,   1318
   104,   1288
   143,   1762
    46,    546
    56,    713
    84,   1034
   125,   1546
    95,   1194
    99,   1231
    77,    945
   113,   1382
   143,   1742
    99,   1256
   143,   1808
   143,   1767
    99,   1240
    64,    802
   125,   1547
   132,   1692
   104,   1317
   113,   1406
    84,   1032
    78,    938
    35,    411
    56,    704
   125,   1560
    15,    231
    84,   1029
    94,   1153
   143,   1734
   113,   1349
   133,   1623
   113,   1379
   121,   1478
   121,   1498
    35,    430
    56,    712
    78,    965
   113,   1358
   121,   1513
    99,   1226
    84,   1040
   104,   1264
   125,   1541
    56,    679
   143,   1742
    78,    923
   125,   1535
    94,   1210
   143,   1754
    64,    755
   121,   1491
    78,    924
   104,   1324
   121,   1490
    94,   1170
    99,   1216
    35,    415
    77,   1000
    15,    172
   132,   1619
    64,    775
    84,   1040
    94,   1170
    78,    933
    15,    196
    78,    970
    35,    462
    78,    960
   109,   1317
   125,   1545
    56,    662
    78,    946
    64,    850
   113,   1363
    94,   1178
    35,    458
    15,    179
   113,   1374
    35,    411
    56,    660
   143,   1759
    94,   1172
   125,   1553
   104,   1285
   132,   1612
   108,   1318
   125,   1548
    64,    795
    56,    694
    84,   1042
   125,   1554
   125,   1503
   104,   1300
   113,   1417
    99,   1199
    64,    785
   143,   1798
    64,    778
    99,   1229
   121,   1487
    84,   1048
   121,   1448
    78,    949
