   8,    744,  -2998,  -3094
   8,    764,  -1057,  -1141
  12,   1139,  -6465,  -6472
  10,    993,   2050,   2059
  12,   1178,  -1727,  -1720
  10,   1028,   5416,   5355
   4,    319,  -4990,  -5086
   9,    928,   3850,   3854
   6,    518,   -571,   -455
   6,    614,  -1361,  -1330
  12,   1127,   6465,   6439
   9,    857,   2491,   2494
   6,    536,   -571,   -515
   6,    506,   7621,   7652
   1,    117,   2172,   2494
   9,    896,  -7906,  -7862
   9,    880,   6587,   6565
   9,    832,   1605,   1674
   6,    506,   3525,   3802
   6,    522,   -571,   -421
  10,    950,   -854,   -795
  12,   1105,   5823,   5786
   8,    797,   3039,   2932
   8,    776,   1098,   1035
   9,    893,    286,    331
   8,    709,  -3728,  -3675
  12,   1135,    691,    693
   8,    694,  -7824,  -7777
  10,    934,   -854,   -797
  10,   1047,   6912,   6876
  12,   1101,   -246,   -201
  12,   1146,   5823,   5822
   4,    314,  -4990,  -5056
  13,   1290,   5579,   5582
  10,   1008,   5416,   5492
   6,    570,  -2735,  -2715
  13,   1327,  -1483,  -1451
   8,    782,  -5153,  -5204
   8,    681,  -2050,  -1969
  12,   1136,   5823,   5845
   9,    865,  -5701,  -5650
  10,    994,  -6146,  -6195
   5,    503,  -3525,  -3616
   6,    539,   3525,   3502
  10,    935,   7338,   7293
   6,    470,   7621,   7587
   8,    739,  -6146,  -6179
   9,    912,   -246,   -316
  12,   1080,   -246,   -210
   8,    717,  -3728,  -3738
   4,    337,  -4990,  -5055
  10,    948,    894,    779
  10,    925,   -854,   -737
  12,   1146,   6465,   6447
  12,   1129,   4787,   4728
   6,    595,   6831,   6790
   6,    484,   -571,   -566
   4,    427,  -6105,  -6174
  10,    909,  -3202,  -3210
  13,   1319,   6709,   6668
   8,    700,  -3728,  -3632
   8,    682,  -4464,  -4449
  12,   1125,  -2369,  -2418
  12,   1226,  -1098,  -1079
   8,    676,   -368,   -453
   6,    549,   -571,   -566
   9,    869,   3850,   3831
  10,    998,  -6872,  -6901
  10,    962,  -7298,  -7353
   8,    706,  -4464,  -4403
   4,    461,  -2009,  -1828
   8,    700,  -4464,  -4560
   8,    755,  -2998,  -3056
  12,   1134,   7501,   7501
   8,    695,    368,    434
   8,    725,   5194,   5157
  12,   1200,  -7054,  -7064
   8,    712,  -4464,  -4393
  10,    972,   3242,   3238
   9,    864,   5701,   5665
   6,    572,   5457,   5667
   4,    329,   -894,   -905
  10,    946,  -3202,  -3269
   9,    904,   3850,   3810
   9,    855,   1605,   1693
   8,    707,   4464,   4496
   8,    726,  -3728,  -3786
   8,    719,  -3728,  -3717
  10,    992,  -6146,  -6131
  10,   1008,  -2776,  -2842
  12,   1221,  -5194,  -5189
   9,    899,   4382,   4375
  11,   1085,  -3850,  -3872
   3,    317,  -3202,  -3232
   8,    743,   1098,   1131
  12,   1160,  -6465,  -6442
  10,   1044,  -2776,  -2810
   9,    868,   5701,   5724
  13,   1290,  -5579,  -5588
   4,    439,  -6105,  -5930
  12,   1137,   6465,   6455
   6,    500,   3525,   3555
   3,    327,   4990,   4950
  11,   1096,  -3850,  -3839
  10,   1028,   6912,   6897
  12,   1202,   2998,   2984
   6,    490,  -4667,  -4675
  10,    959,   -854,   -790
  13,   1281,  -1483,  -1481
  12,   1147,    691,    627
   8,    708,  -6146,  -6055
  10,    952,  -4950,  -4964
  12,   1186,   7094,   7042
  10,    966,   2050,   2087
  10,    942,  -7298,  -7396
   6,    581,  -2735,  -2690
  12,   1163,   2369,   2323
   6,    564,   1361,   1372
  10,    971,  -4950,  -4888
   9,    891,  -5701,  -5747
  12,   1185,   5234,   5244
   6,    553,  -1361,  -1441
  12,   1176,  -5823,  -5849
   3,    281,  -3202,  -3236
   8,    784,  -2998,  -3036
   4,    428,   2091,   2173
  10,    975,  -4950,  -4977
   8,    767,  -7094,  -7191
   6,    502,  -4667,  -4372
   1,    175,   2172,   2334
   8,    788,   7135,   7152
  10,    963,   2050,   2065
  10,    954,   7338,   7338
   6,    535,  -4667,  -4557
   9,    917,  -7906,  -7952
  10,   1063,  -6872,  -6839
   4,    414,   2091,   2284
  10,    961,  -3202,  -3248
   9,    910,   3850,   3746
   9,    908,  -7906,  -7844
   6,    587,   2735,   2733
  12,   1131,   3405,   3465
   8,    763,   5194,   5106
  13,   1313,  -2613,  -2544
   8,    788,  -7094,  -7109
  12,   1188,  -5194,  -5200
  12,   1088,   7946,   7936
  12,   1122,   4787,   4831
  10,    976,   7338,   7406
  12,   1090,   7946,   7960
   9,    888,   6587,   6536
   9,    876,   4382,   4342
   8,    790,  -1057,  -1092
   9,    854,  -2491,  -2434
   6,    489,   7621,   7753
   6,    521,   7621,   7667
   4,    399,  -6105,  -6098
   8,    776,  -1057,  -1095
   4,    434,   6187,   5983
  10,    967,   4990,   5030
   3,    339,  -3202,  -3184
   9,    837,  -6587,  -6648
  12,   1126,   7946,   7953
   8,    763,  -7094,  -7112
  10,   1054,   5416,   5434
  12,   1119,  -6465,  -6461
   9,    846,  -2491,  -2447
   6,    526,   -571,   -469
  12,   1214,  -2958,  -2961
  11,   1083,   4342,   4393
  12,   1132,   7946,   7998
   6,    607,   5457,   5424
   6,    608,  -2735,  -2666
  13,   1291,  -5579,  -5518
  13,   1302,   5579,   5556
  10,   1065,   6912,   6956
  10,    947,   -854,   -806
  12,   1214,   1138,   1122
   9,    901,   -246,   -267
   8,    739,  -6146,  -6132
   9,    915,   3850,   3793
   5,    527,   4667,   4726
  12,   1165,    691,    647
  13,   1276,  -6709,  -6712
  10,    982,    894,    874
  10,    947,   7338,   7328
   4,    445,   6187,   6285
  12,   1158,  -1727,  -1761
   3,    310,  -3202,  -3166
  10,    939,  -4950,  -4863
   8,    711,    368,    257
   3,    348,  -3202,  -3311
   6,    502,   7621,   7737
   8,    739,   7135,   6969
   8,    704,  -6146,  -6141
   3,    334,   4990,   4997
  13,   1294,  -2613,  -2665
  13,   1327,  -2613,  -2656
   8,    760,  -2998,  -3060
   6,    508,   3525,   3458
   9,    887,   -246,   -274
  10,    970,  -6146,  -6043
   4,    307,   3202,   3311
  12,   1116,   2369,   2279
   8,    773,   5194,   5184
   9,    846,  -2491,  -2451
  10,    984,  -2050,  -2009
   9,    916,   3850,   3799
  12,   1133,   3405,   3395
  12,   1155,  -3405,  -3425
  11,   1110,  -7946,  -7952
   1,    139,   6268,   6277
   9,    867,   5701,   5730
  12,   1208,   7094,   7131
   8,    792,   3039,   2983
  13,   1322,  -6709,  -6695
  13,   1266,   6709,   6729
  10,   1007,   6912,   6931
  12,   1191,   7094,   7079
   8,    769,   7135,   7117
   3,    274,   4990,   4970
   8,    704,    368,    324
   8,    769,   7135,   7132
  10,    956,   7338,   7374
   8,    747,  -1057,  -1086
   8,    715,   2050,   2112
   9,    862,  -5701,  -5725
  10,    965,   4990,   4935
   6,    520,  -4667,  -4797
  10,   1016,   6146,   6172
  10,   1014,   2816,   2710
   6,    520,  -4667,  -4636
  12,   1205,   2998,   2935
  12,   1129,   -691,   -689
  13,   1293,   6709,   6704
  12,   1158,   4787,   4819
   5,    508,   4667,   4666
   8,    770,  -5153,  -5155
   8,    700,   7824,   7864
  13,   1288,  -2613,  -2527
  10,    978,  -4950,  -4926
   6,    522,  -4667,  -4467
   1,    138,   2172,   1824
  12,   1103,  -4342,  -4347
   8,    684,    368,    452
  12,   1219,   1138,   1114
   6,    504,   7621,   7681
  10,    922,  -3202,  -3237
  12,   1099,   7946,   7956
   5,    500,  -7621,  -7655
   6,    575,  -1361,  -1512
  13,   1313,   2613,   2563
   9,    917,  -3810,  -3665
  12,   1201,   7094,   7028
   6,    542,   7621,   7702
  12,   1147,   3405,   3357
   9,    925,    286,    433
   8,    728,  -7824,  -7789
   4,    421,   6187,   6320
   5,    527,    571,    574
  12,   1136,   5823,   5878
   9,    824,  -1605,  -1695
  10,    994,   2050,   1987
   6,    495,   3525,   3608
  10,   1021,   5416,   5440
   6,    508,  -4667,  -4833
   3,    313,  -7298,  -7449
  10,    969,    894,    821
  10,   1057,  -6872,  -6885
  13,   1299,   1483,   1470
  12,   1204,   5234,   5165
  10,    955,   -854,   -843
   6,    590,   6831,   6811
   3,    328,  -3202,  -3237
  12,   1162,   -691,   -686
   8,    779,  -1057,  -1023
   8,    704,   -368,   -319
   3,    320,  -7298,  -7242
  12,   1185,  -1098,  -1121
  12,   1203,  -7054,  -7107
  12,   1085,  -4342,  -4358
  12,   1122,    691,    668
  12,   1138,  -2369,  -2356
   8,    716,   6146,   6062
   8,    748,  -1057,  -1047
  10,    953,   3242,   3252
  12,   1143,   3405,   3368
   3,    313,    894,    992
   4,    307,   3202,   3231
  12,   1209,  -2958,  -3031
  10,    959,   7338,   7385
  12,   1100,   7946,   7938
   9,    854,  -1605,  -1541
  12,   1124,  -4342,  -4386
   6,    501,   7621,   7816
  10,   1046,   6912,   6875
   8,    724,   2050,   2064
  12,   1111,   -691,   -708
  12,   1142,  -2369,  -2360
   9,    833,   5701,   5733
  11,   1103,   4342,   4336
  10,    964,    894,    758
  13,   1319,   5579,   5550
  12,   1192,  -5194,  -5186
   9,    868,  -3810,  -3822
  10,   1012,   5416,   5362
   8,    775,  -2998,  -3020
   8,    752,  -2998,  -2958
  13,   1285,   1483,   1501
  10,    983,  -7298,  -7397
  12,   1139,   1727,   1750
   9,    894,  -3810,  -3862
   9,    866,   2491,   2476
  10,    939,   -854,   -828
   1,    141,   2172,   1956
   5,    509,  -7621,  -7843
   8,    788,   7135,   7115
   6,    571,  -2735,  -2652
  10,    947,  -4950,  -4960
  10,   1028,  -6872,  -6835
   9,    885,   7946,   7876
   8,    722,  -7824,  -7881
   4,    307,   -894,   -813
   1,    153,   2172,   1770
  11,   1090,   4342,   4352
   8,    760,  -7094,  -7089
  11,   1094,  -3850,  -3933
   9,    842,   6587,   6587
  12,   1160,   1727,   1736
  12,   1161,  -1727,  -1758
   5,    495,   4667,   4638
   8,    761,   7135,   7150
  13,   1290,  -5579,  -5538
   8,    691,   2050,   2120
  10,   1037,   6912,   6874
  12,   1203,   5234,   5231
   4,    445,   6187,   6028
  12,   1210,  -7054,  -7076
   6,    492,   7621,   7669
   4,    406,  -6105,  -6152
   8,    685,  -2050,  -2142
   9,    866,   1605,   1577
   9,    907,   4382,   4430
  11,   1092,    246,    184
   1,    168,  -5943,  -6473
   8,    732,   7824,   7860
   9,    914,   3850,   3802
   9,    851,  -2491,  -2457
   9,    848,   6587,   6601
   8,    723,   2050,   2049
   1,    117,   6268,   6177
  12,   1174,  -1098,  -1113
  10,   1052,   1320,   1309
  13,   1298,   2613,   2608
  12,   1191,  -1098,  -1209
  10,   1040,   1320,   1291
   9,    913,   7946,   7912
  12,   1119,  -6465,  -6426
   6,    586,   1361,   1524
  10,    986,   6912,   6870
  12,   1151,   5823,   5728
  12,   1079,   3850,   3861
  10,   1013,  -2050,  -2072
  10,   1023,   1320,   1424
  13,   1332,  -6709,  -6681
   4,    444,   6187,   6264
   5,    493,  -7621,  -7681
   8,    749,   2050,   2066
  12,   1159,   6465,   6407
   6,    599,   2735,   2683
   9,    894,   -246,   -204
  10,   1031,  -6146,  -6147
  13,   1330,  -6709,  -6711
   8,    724,   7824,   7805
   8,    727,   6146,   6089
  12,   1160,   4787,   4748
  12,   1134,  -3405,  -3403
  13,   1290,   6709,   6723
   9,    850,  -6587,  -6624
  10,    929,  -3202,  -3285
   8,    694,  -4464,  -4481
   5,    524,   4667,   4506
  10,    955,   3242,   3323
   6,    530,  -4667,  -4511
   6,    563,  -2735,  -2656
   8,    704,   2050,   1983
  12,   1235,   1138,   1061
   8,    762,   5194,   5207
  10,    959,  -3202,  -3223
  12,   1202,   5234,   5270
  10,    993,   2050,   2011
  10,    983,  -2050,  -2059
   8,    782,  -2998,  -3062
   6,    537,  -4667,  -4615
  10,   1022,   2816,   2796
   9,    915,  -4342,  -4330
   8,    687,   7824,   7792
   8,    773,  -5153,  -5053
  12,   1148,   6465,   6484
   9,    904,   7946,   7929
   8,    686,   7824,   7765
  10,   1037,   5416,   5411
  10,   1037,   2816,   2763
   9,    883,   5701,   5769
  12,   1188,  -1098,  -1116
  12,   1207,  -1098,  -1167
  10,   1033,  -1280,  -1302
  12,   1140,   5823,   5772
  10,   1016,  -5376,  -5402
   8,    716,  -5153,  -5088
  11,   1117,  -3850,  -3857
  10,    974,   -854,   -792
  10,    975,   6146,   6112
   8,    794,  -2998,  -3093
  12,   1160,   -691,   -680
   6,    570,  -1361,  -1420
  12,   1162,   2369,   2419
   6,    591,  -5457,  -5530
  12,   1193,   5234,   5164
  10,    946,   3242,   3294
   3,    337,  -3202,  -3186
   8,    712,   7824,   7872
  12,   1152,  -4787,  -4823
   1,    129,  -5943,  -6201
  10,    916,  -7298,  -7370
   4,    306,  -4990,  -4903
   9,    885,  -5701,  -5715
  11,   1079,  -3850,  -3870
   5,    506,  -7621,  -7657
  10,    995,  -2050,  -2094
   9,    901,  -3810,  -3820
   9,    869,  -2491,  -2354
  10,   1017,  -1280,  -1308
   6,    512,   -571,   -637
  12,   1122,   7946,   7973
   9,    937,    286,    313
   5,    530,   4667,   4702
  10,   1051,   1320,   1312
  13,   1276,  -1483,  -1481
  10,   1013,  -5376,  -5400
   8,    722,  -4464,  -4407
  13,   1286,   6709,   6718
  10,   1017,   1320,   1358
   8,    746,   3039,   3008
   8,    751,   5194,   5105
   3,    320,  -3202,  -3604
   9,    916,    286,    317
  12,   1141,  -5823,  -5824
  12,   1215,   2998,   2994
   9,    859,  -6587,  -6580
   9,    865,   1605,   1606
  12,   1151,  -5823,  -5795
   6,    594,  -6831,  -6729
   8,    687,   7824,   7915
   5,    508,  -7621,  -7643
   1,    150,  -1847,  -2395
   6,    575,  -5457,  -5490
   8,    686,   3728,   3810
   9,    877,   5701,   5715
  12,   1154,   5823,   5868
   9,    907,   7946,   7950
  13,   1330,   1483,   1563
   9,    858,   5701,   5670
  10,    946,  -7298,  -7362
   4,    446,  -6105,  -6148
  12,   1201,   2998,   2962
  13,   1298,  -6709,  -6733
  11,   1120,    246,    236
  12,   1122,   7501,   7528
   9,    865,   1605,   1686
   1,    134,  -5943,  -5577
   5,    497,  -3525,  -3722
  13,   1307,  -6709,  -6678
   8,    692,   4464,   4551
  12,   1115,  -4787,  -4850
  12,   1206,  -2958,  -3002
  10,    948,    894,    895
  13,   1354,   2613,   2558
   8,    741,   7824,   7832
   9,    913,   -246,   -297
   9,    913,   -246,   -300
   9,    897,    286,    347
  10,   1012,  -1280,  -1341
   9,    880,  -2491,  -2480
  11,   1117,  -7946,  -7977
  12,   1144,   -246,   -265
  12,   1112,   7946,   7936
  12,   1134,   4787,   4818
  12,   1227,   2998,   3035
   8,    732,  -6146,  -6084
   5,    480,  -7621,  -7632
  12,   1138,   1727,   1778
   1,    134,  -1847,  -2791
   8,    778,   5194,   5242
  12,   1140,   1727,   1724
   9,    841,   6587,   6434
   4,    434,  -2009,  -2002
   4,    299,   -894,  -1001
   8,    709,  -4464,  -4476
  10,    973,   3242,   3273
  10,    954,  -3202,  -3276
  13,   1302,   2613,   2618
   4,    403,   2091,   2290
   6,    528,  -4667,  -4796
   8,    766,  -5153,  -5197
  12,   1141,   4787,   4821
   9,    885,  -2491,  -2477
   9,    912,   -246,   -189
   8,    697,   6146,   6115
  10,   1024,  -1280,  -1361
  13,   1287,   2613,   2647
   9,    929,   -246,   -298
  13,   1335,   2613,   2601
  13,   1304,   1483,   1540
   9,    920,  -3810,  -3786
   6,    591,   1361,   1404
  12,   1147,  -7501,  -7453
  12,   1250,   5234,   5245
  10,    971,   4990,   5049
  10,   1043,  -5376,  -5408
   8,    766,  -7094,  -7216
   8,    697,  -6146,  -6152
   4,    306,   7298,   7493
   5,    523,  -3525,  -3563
  12,   1153,  -1727,  -1763
   1,    170,  -1847,  -2494
   8,    758,   1098,   1032
   9,    850,   2491,   2552
  13,   1286,  -6709,  -6801
  10,   1001,  -6872,  -6899
  12,   1197,  -1098,  -1086
  10,   1021,   5416,   5425
  11,   1092,  -3850,  -3848
  11,   1108,  -3850,  -3917
   3,    316,    894,    659
   6,    530,   7621,   7617
   8,    716,  -7824,  -7823
  10,   1005,   1320,   1376
  11,   1117,    246,    229
   9,    905,  -3810,  -3908
   8,    770,   5194,   5052
  10,    935,  -7298,  -7385
  12,   1139,  -3405,  -3396
   6,    501,  -4667,  -4598
  13,   1286,   5579,   5535
   8,    681,  -3728,  -3603
  12,   1135,   7501,   7494
   9,    895,  -5701,  -5674
  13,   1297,  -1483,  -1451
   6,    558,   5457,   5565
  11,   1104,    246,    165
   8,    683,  -7824,  -7870
  10,    979,    894,    888
  12,   1101,   -246,   -171
   9,    868,  -5701,  -5701
   9,    902,  -4342,  -4391
   3,    310,  -7298,  -7458
   8,    739,   7824,   7681
   1,    130,  -5943,  -5971
  12,   1201,  -7054,  -7053
   6,    574,  -2735,  -2715
   8,    772,   7135,   7076
   9,    861,  -1605,  -1600
   8,    695,  -7824,  -7770
   1,    143,  -1847,  -1905
   8,    723,  -7824,  -7870
   4,    341,   3202,   3390
   8,    708,  -3728,  -3637
  10,    977,  -6146,  -6157
  12,   1148,  -7501,  -7531
   6,    491,   3525,   3609
   8,    693,  -2050,  -2101
   6,    629,  -5457,  -5600
  10,   1006,   1320,   1274
   9,    870,  -5701,  -5711
   4,    332,   -894,   -864
   1,    126,  -1847,  -1709
  10,   1023,   6912,   6834
   3,    305,    894,   1083
   5,    486,    571,    480
  13,   1293,  -2613,  -2614
   9,    862,  -1605,  -1700
  12,   1142,  -3405,  -3415
  10,    948,  -7298,  -7334
  12,   1189,  -7054,  -7125
  10,    977,   6146,   6044
  12,   1149,    691,    696
   6,    584,  -2735,  -2725
   6,    519,   3525,   3672
   8,    764,  -5153,  -5105
  12,   1156,   2369,   2394
  12,   1106,  -4787,  -4803
  10,    963,   4990,   4851
  10,   1044,  -6872,  -6906
   9,    892,    286,    296
   6,    579,   6831,   6615
  13,   1324,  -6709,  -6751
   6,    573,   6831,   6865
   9,    905,  -7906,  -7854
  11,   1100,   4342,   4291
   8,    777,   3039,   3087
  12,   1071,   3850,   3809
   8,    703,    368,    376
