    31,   3039
    48,   9258
    39,  -2053
    36,   7304
    30,   1058
    45,  -2319
    22,  -1264
    38,   5069
    45,   6465
    47,  -5190
    22,   1315
    45,   5863
    39,  -2049
    30,   3086
    15,  -1829
    37,   4874
    47,   1727
    20,   4528
     6,  -2249
    31,   9086
    41,  -5415
    36,   8905
    19,   4527
    34,   7768
    12,   4910
    17,  -2056
    38,   3375
    35,  -3679
    37,  -3809
    23,  -2586
    43,  -3258
    30,  -5116
    20,    531
    28,   7222
    45,   5281
    41,   8511
    23,   1402
    40,  -7367
    46,  -7961
    36,  -6540
    46,  -6465
    31,   1157
    34,   2566
    20,   8623
    34,  -2480
    15,   6226
    29,   1145
    16,  10480
    20,    531
    12, -13116
    34,  -9792
    44,  -7950
    20,  -7661
    54,  -4920
    58,   6944
    44,   2919
     6,  -2009
    50,   3032
    46,  -4273
    46,   8460
    37,   7906
    22, -13617
    52, -10778
    51,  -5576
    35,  -6576
    38,    980
    51,  -1058
    37,    213
    34,  -1625
    38,  -3484
    18,  -4366
    45,   -394
    20,  -3565
    35,   -674
    35,   9147
    15,  10186
    20,    531
    12,   3298
    37,   5008
    27,   -220
    38,    834
    19,  -7584
    32,  -7170
    28, -10261
    45,  -5823
    50,   2590
    49,   2475
    28,   2869
    30,  -3038
    35,    309
    38,   6116
    12,  -3302
    31,  -1057
    32,  11366
    35,   2544
    41,   2126
    37,   -286
    45,  -3266
    44,   3427
    44,   8046
    28,   3718
    35,  10660
    51,   9346
    30,  -3063
    47,   -691
    52,   9736
    41,   9525
    49,   9339
    28,   7814
    13,  11471
    30,   -191
    32,   9218
    38,    834
    30, -15320
    27, -18346
    34, -10614
    41,  -6872
    19,   4726
    39,  10334
    41,  -2760
    44,    246
    48, -19372
    46, -15688
    50,  -6721
    45,  -5823
    19,  11649
    29,   5177
    27,   8398
    12,   4910
    38, -11307
    21, -11637
     5, -18470
    53,  -5578
    29, -16618
    50, -17373
    21,  -7534
    41,  -5415
    46,   8448
    21,   7612
    23,   1578
    23,   2695
    35,   3933
    49,   9409
    19,   8761
    53,   1483
    34,   -301
    27,   7875
    16,  10182
    30,   5154
    47,  10788
    35,   1865
    40,  -1921
    28,   2040
    41,  -5314
    20, -11816
    14,  -9100
    45,  -5823
    41,   7023
    52,  -1404
    47,  11231
    34,   5712
    23,   9647
    12,   2994
    46,    635
    39,   6136
    27,    232
    13,   7301
    48,   1095
    20,   3565
    42,   4244
    44,   -786
    44,   2282
    20,  -3565
    31, -15298
    39, -19680
    48, -19885
    38,  -7358
    14, -19988
    52, -13347
    41,  -7312
    20,  -7661
    33,   1690
    42,   4341
    19,   8706
    28,   6136
    28,  -2097
    44,    740
    46,   2411
    36,    287
    46,  12126
    39,   -851
    54,  10821
    45,    246
    36,   3751
    41,  10946
    28,   2964
    28,   3718
    46,  -1554
    33,   7199
    41,  -1930
    12,   4910
    35,  -2450
    39,    849
     6,  -2183
    39,   -843
    30,   9397
    24,   2742
    40,   5072
    38,    834
    38,  -7894
    30,  -8534
    13, -15409
    47,  -6465
    45,  -4387
    32,  -9273
    46, -12589
    46,  -4787
    45, -18073
    45, -14634
    19,  -4478
    23,  -6790
    54,   5537
    30,  -2003
    42,   9488
    20,    531
    16,  10096
    48,   7095
    20,   8733
    17,   6126
    31,   2075
    36,  -1542
    39,  12033
    39,   3253
     6, -10247
    28,  -7908
    35,  -3803
    52,  -6709
    35,   9897
    28,  -1952
     6,  10733
    28,   3718
    43,  -1208
    53,  13861
    50,   1176
    28,   4465
    34,   8507
    45,   6445
    23,  -1535
    45,   2369
    45,  10668
    43,  12534
    39,   2033
    49,   1119
    54,   6634
    16,  10210
    21,   7573
    28,    369
    42,   9961
    21,  13794
    34,    321
    20,    531
    55,  -9647
    30,  -7782
    28,  -6163
    36,  -3809
    47,   3401
    54,   9693
    35,   6575
    41,   6873
    27,   4530
    21,  11643
    38,  13157
    38,   7349
    23,   2720
    28,  14378
    49,  -1031
    28,   4465
    35,   3472
    44,  11343
    36,  14558
    17,   2030
    29,   2958
    20,   4498
    40,  13538
    28,   4465
    27,   8585
    30,   5106
    44,   9936
    30,   3039
    28,  -7880
    41,  -5408
    41,  -2842
    45,  -7501
    48,   1187
    50,   1210
    43,   1379
    28,   -378
    42, -10862
    31, -11220
    45, -12515
    30,  -5153
    38,  10246
    31,   3072
    42,    690
    48,   7074
    46,  14172
    23,   5480
    47,  11253
    28,   4465
    12, -13164
    28,  -7918
    45, -11578
    38,  -3262
    39,  -9063
    13, -11534
    33, -10701
    34,  -5721
    21,  -8466
    40, -14163
    37, -12377
    23,  -5497
    38,   1310
    19,    427
    41,   8349
    12,    814
    21,  11730
    42,  15071
    54,   1532
    39,   3253
    28, -11802
    53,  -6663
    41,  -1395
    36,  -3809
    30,  -5023
    12, -13025
    35, -16471
    34,  -1625
    48,  -2888
    32,  -9713
    35,  -1606
    28,  -4474
    22,   6828
    28,   8514
    20,   7700
    29,   3718
    23,   5557
    28,  12676
    35,  10680
    28,   3718
    36,   8494
    51,  14937
    34,  10805
    39,   6136
    17,   5947
    50,  13365
    53,   6621
    41,   2777
    44,   8955
    34,  14806
     5,   5667
    48,   5215
    54,  -9682
    30,  -4523
    48, -11605
    37,  -4382
    39,  15498
    54,  13784
    28,   8541
    45,   3851
    35,    228
    34,   -258
    38,   1334
    12,   3243
    44,  -8308
    45, -16035
    47,  -7853
    30,  -1057
    49,  13442
    29,   6194
    20,   7686
    46,   6465
     5,   2059
    31,  11326
    46,  14581
    41,   2777
    15, -14334
    13, -15672
    27, -11871
    34,  -5721
    39,   3243
    53,  13846
    17,  14242
    53,   5579
    30,   5545
    46,  11786
    34,   2660
    17,   6126
    28,  -6126
    42, -15028
    54,  -2591
    47,  -6465
    54,  -2521
    53,  -1487
    36, -12617
    20,  -3565
    43,  -8907
    45,  -5140
    35,  -4906
    12,  -4949
    30,   7234
    29,   6127
    13,   9115
    45,   3851
    46, -14608
     5, -14430
    30,  -1040
    41,  -6872
    52,  -9580
    40,  -9448
    49, -15278
    48,  -2977
    46,   3854
    46,   3779
    12,  15782
    20,   4627
    28,   7854
    41,  15221
    43,  16222
    38,    834
    31,  11259
    39,   7387
    47,   3374
    53,   1483
    54,  -5520
    30, -12705
    48,  -7528
    47,   -691
    52,   1596
    23,  10990
    44,  16263
    28,   6136
    37,  15544
    44,  16630
    34,   5763
    38,   4930
    12,  -9109
    29,  -7798
     5, -10830
    49,  -7073
    24, -13561
    30,  -6955
    35, -14692
    40,  -2049
     5,   1858
    30,   7849
    13,  13119
    39,   7349
    40,   6167
    45,   7574
    20,  12895
    23,   2695
    24, -10920
    40,  -1356
    36, -10780
    46,  -2369
     6, -13955
    43,  -6868
    12,   -749
    23,  -1401
    51,   2690
    34,   1776
    44,   3548
    38,   4930
    47,   7095
    37,  10276
    43,  15655
    34,   5712
    20,  -3712
    30, -11164
    48,  -2328
    49,  -5214
    40,  11436
    44,   6882
    38,  16052
    23,   1402
    52,   6708
    23,   9596
    37,   7876
    47,   5823
    33,  13364
    48,  12531
    30,  16005
    12,   3243
    37,   3263
    28,   3065
    38,   2222
    30,   3039
    45, -10409
    12,   -440
    39,  -3179
    17,  -2049
    46,   3755
    29,  10260
     5,  14027
    39,   4930
    24,   9716
    29,  17372
    47,   2995
    30,   7135
    44,  16361
    45,   3635
    45,   9139
    20,   4627
    33, -11086
    38,   2145
    39,  -1364
     6,  -2009
    26,    432
    27,  -2034
     5,   1597
    30,  -7134
    30,   -361
    38, -12983
    37, -11951
    40,  -2049
    12,   -847
    28,  -6178
    30,  -2933
    38,  -7358
    35,  12683
    43,  18250
    43,  10683
    20,   4627
    13,   9027
    35,  11898
    20,   8789
    36,   7906
    46,  11688
    44,   7988
    36,   7945
    42,   6873
    55,  -5305
    43,   1626
    28,  -4225
    17,  -2049
    51,  17970
    23,   9682
    44,  13906
    38,   3253
    44,  -4868
    20,  -7648
    22,  -2789
    36,  -3809
     5,   6168
    44,   8133
    41,   2819
    36,   7906
    35,  -6435
    44,  -8484
    28,   2117
    23,  -2694
    47,  -5143
    36,  -8327
    40,  -6815
    45,  -3405
    49, -13424
    36,  -4354
    30,  -1106
    30,  -5153
    45,    -79
    41, -10849
    13,  -1039
    52,   2614
    19,  16072
    23,  13833
    27,  12726
    30,   7135
    37,   8555
    31,   7188
    43,   6859
    49,   5215
    34,   2514
     5,  -6153
    21,  -4431
    45,  -7946
    24,  -9627
    37,    356
    45, -12020
    46,  -4787
    43,  -3695
    24,  -2589
    30,  -5019
    39,  -7358
    39,  -4267
    37,  -7817
    45,  -1694
    45,  -7946
    29,   1153
    44,  -4836
    19,   -333
    34,  -6576
    44,    279
    23,  -1682
    28,  -4498
    36,  -4382
    22,  -9550
    19, -12744
    28,   3093
    30,   1058
    36,  -7841
    11,  -7241
    44,  -4258
    34,   2471
    12,  -9077
    37,  -7850
    47,  -8352
    20,  -7661
    34,   -186
    21,  -9624
    38,  -2005
    20,  -7661
    48,  15750
    48,  16256
    48,  12492
    17,   6126
    40,  -2757
     6,  -6491
    41,  -9511
    30,   1058
    28,    224
    47, -11305
    44,  -7691
    17,  -6145
    33, -10581
    51, -10688
    27,    475
    38,  -4939
    40, -11451
    12,  -4745
    18,  -8576
    12,   3243
    24,  14810
    12,   7156
     5,   9826
    34,   6567
     4,  -6286
    52,  -5519
    44,   2396
    45,  -7946
    45,  18203
    46,   4845
    38,   4916
    30,   7135
    30,   1130
    45,  -2337
    48,  -5176
    42,  -5415
    18,   6317
    21,  11947
    47,  15729
    46,   6465
    37,  -4403
    41,  -1303
    49,  -2911
    35,   2471
    46,   -913
    41,    303
    26,  -3495
    20,    531
    51,   1568
    43,  -3736
    27,  -8383
    48,   2978
    12,   3186
    18, -10075
    49,  -2877
    45,  -4341
    47,  -5087
    44,  -9855
    35,  -3696
    45,  -7946
    34,   1558
     5,  -1756
    45,  -1196
    23,  -5497
    46, -11108
    44, -11472
     4,  -2141
    23,   2695
    38,  15678
    45,   6565
    54,  15004
    53,   5579
    45,  -4730
    35,    311
    13,  -9002
    52,  -5578
    44,   -589
    39,   3342
    44,   -158
    42,  -6872
    46,   -179
    36,  -2381
    14,   -796
    39,    834
    13,  -7363
    18,  -6154
    37,   -862
    48,  -1118
    19,  -3500
    16,  -5970
    43,  -8395
    36,    287
     4,  18247
    41,   8030
    33,   6677
    28,   6136
    48,  -7051
    35,    223
    20,  -7625
    36,  -3809
    28,  -3548
    39,  -5323
    19,  -4473
    20,  -4627
    43,   3817
    45,   4747
    30,  -9275
    46,   -691
    39,  11514
    30,  12798
    20,  11609
    53,   6710
    24,   1415
    30,  -7176
    52,   1542
    39,   -843
    31,  -7178
    38,    888
    39,  -4888
    39,  -7358
    37,  -7231
     5, -10128
     5,  -2037
    17,  -6145
     6,   1728
    29,  -8690
     5, -10499
    46,   1727
    36,   -188
    28,  -7796
    27, -10081
    12,   3243
    46,  -4226
    32,   5310
     5,   1816
    39,   4930
    46,  -9960
    43,  -9946
    45,   4595
    28,   -378
    24,  -7826
    34,    889
    47,  -1547
    12,   3243
    48,  -5115
    46,   1871
    45,  -9872
    20,  -7661
    41,  -5653
    36,  -8657
    41,  -7040
    30,  -7134
    31,  21579
    29,  21584
    46,   7455
    28,   6136
    26,    341
    41,    281
    40,  -3900
    12,  -4949
    47,  -8866
    51,   5247
    40,  -2097
    53,   2614
    43,  -3864
    31,   5105
    40,  -6884
    53,   2614
    20,   -412
    41,  -6853
    28,   4409
    30,   3039
    49,   5148
    38,   -887
    28,  -9246
    20,  -3565
    32,  -9187
    46,  -3388
    40,  -9037
    36,    287
    40,   6136
    46,   1795
    41,  -5359
    27,   7796
    12,  -3282
    46,   2318
    31,   9154
    24,  -1608
    46,  -2369
    22,   8713
    28,    457
    42,   6869
    30,  -5153
    28,   -338
    35,  -1552
    48,    728
    35,   2471
    17,   6416
    30,  -1077
    45,  -4756
    39,   2040
    35,    282
    13,    994
    28,   7827
    36,  -3809
    11,    639
    24,   5642
    37,  -3749
    45,  -3405
    36,  -3733
    13,   7477
    45,  -3467
    46,   3405
    27,   3817
    41,  10314
    23,   9746
    44,   7947
    36, -18626
    25, -10755
    17, -14269
     6,  -6105
    21, -15696
    45,  -5742
    23, -21804
    34,  -5721
    28, -20750
    48,  -6952
    46, -15617
    48,  -7073
    43,   3457
    44,  -1747
    35,  -4446
    30,  -3038
    28,   6130
    42,   8518
    44,    735
    52,   6710
    29, -20845
    49, -17450
    42,  -9553
    52,  -6709
    41,  -9375
    48, -12915
    13,  -7145
    41,  -6872
    45, -13991
    20,  -7722
    42, -14323
    49,  -7073
    26, -10273
    24, -14974
    52,  -5609
    30,  -7134
    60,   6798
    46,  -1176
    51,   3460
    12,  -4949
    14,   8801
    44,  -3410
    11,  -3365
    28,   -378
    37, -11343
    35, -18886
    38, -15473
    30,  -7134
    30,  -9204
    45, -21118
     5, -10018
    38,  -7358
    12,   7456
    40,   7354
    31,  11251
    31,   1058
    33,   1748
    40,  11044
    30,  -1021
    28,  -2049
    35,  -4348
    17,   6170
    45,   -177
    34,   5712
    51, -19004
    38, -17184
    27, -15982
    38,  -4939
     5,  10069
    52,  10609
    48,   6957
    20,   4627
    50, -17800
    37, -14311
    35, -13098
    39,  -6145
    28,   -375
     6,  -2210
    29,  -4506
    42,  -2776
    19,   -282
    44,    666
    16,   2203
    20,   4627
    34,  10700
    43,  -3854
     4,   6279
    48,  -2977
    46,   2405
    37,    280
    12,  11452
    45,    691
    36,  -5594
    12,  -7398
    29, -20003
    53,  -6709
    42, -17624
    41,  -9450
    36, -11953
    46,  -4787
     6,  -6578
    34, -13736
    28, -18442
    20,  -4627
     6,  -1882
    28,    306
    41,  -2815
    30,   5154
    34, -13918
    36, -20154
    47, -17474
    28,  -7823
    46,   4436
    29,   6315
    38,    349
    53,   2614
    17,  10353
    30,  -1052
    12,    857
    39,   4930
    16,  10325
    44,   3527
    16,  -1857
    20,   4627
    44,  -1477
    48,   7834
    41,    736
     6,  -2009
    39,  10412
    40,  -1258
    30,  -1036
    44,   4342
    20,   8682
    29,   3850
    36,   9876
    28,   -378
    20,   -365
    12,   -765
    34,   6580
    48,  -1118
    45,  -7434
    27,  -3634
    34, -14646
    20,  -7661
    45,  12589
    42,  -2738
    39,   7306
    38,   3253
    30, -10109
    47,  -8373
    31, -15342
    45,  -7946
    39,   2071
    28,  12015
    35,   -272
    20,   7661
    45,  11594
    39,  10112
    12,   4625
    23,   1402
    26,  11860
    28,    376
    22,   2724
    52,  -2613
    24,   9817
    52,   1662
    12,    817
    36,   3810
    48, -13450
    22, -11015
    18,  -8633
    48,  -7073
    31, -14598
    47, -17730
    33, -12006
    20,  -7661
    33, -10710
    34, -10769
    37,  -5023
    45,  -3405
    22,   5743
    46,   9091
    16,   6408
    36,   -286
    52,  -2541
    44,  12531
    29,   7843
    29,   7814
    54, -13570
    46, -17884
    29, -14035
    17,  -6145
    30,   7349
    12,   1048
    40,   6915
    20,   -531
    38, -11461
    46,  -6324
    23, -10830
    45,  -5823
    53,   5627
    54,  13699
    42,  10941
    34,   1616
    45,   1703
    22,  13800
    34,  -2530
    39,  -2049
    25, -17650
    37,  -3830
    54, -13737
    20,  -3565
    33,  -6980
    22,  -7516
    48, -11119
    42,  -5415
    40,   5210
    30,   9084
    23,   2577
    20,   4627
    37,  13090
    28,   2879
    32,   1534
    12,   7339
    52,   6788
    20,   4645
    28,    321
    38,   -843
    45,   2381
    38,  13139
    31,   3025
    42,   6873
    50,   7102
    21,   7763
    29,   8572
    54,  -1482
    45,  -3411
    48, -15235
    52, -17883
    48,  -5214
    37,   3792
    44,  12531
    45,   9925
    38,    834
    52, -14843
    28,  -7892
    17, -14431
    23,  -6790
    12,   9169
    19,   7650
    32,   6620
    12,   3243
    48,  -1059
    29,   9185
    52,   1418
    46,    691
    28,  12811
    44,    386
    47,  11159
    31,   1058
    43,   3582
    21,   7900
    35,  12091
    28,    369
    11,    901
    34,   4528
    11,   -482
    12,   7339
    42,  -1268
    47,   2355
    47,   7547
    49,   1119
    45,  11507
    41,  -1362
    41,  13688
    48,   7074
    46,  12077
    39,   7326
    38,   4382
    45,   4342
    13,    706
    46,  12989
    37,   3747
    46,   -691
    42,  11015
    39,  14353
    48,  11219
    45,   2369
    35,  -8443
    45,  -3901
    45, -10593
    28,  -6145
    31,  13449
    36,  14804
    20,   -441
    31,   1058
     4, -10964
    41,  -5343
    52, -13831
    38,  -3262
    20, -12742
    39, -11487
    45,  -1754
    45,  -3405
    40,  -6740
    32, -13780
    43, -12848
    12,   -853
    34, -13969
    37, -15583
    28, -10144
    12,  -3282
    46,  14060
    36,  12622
    37,  15429
    48,   2978
    43,  -7938
    38, -13143
    12,  -1049
    38,  -7358
    37,  -4906
    33, -10617
     5,  -5889
    44,  -7946
    12,   1071
    29,   7219
    34,   6694
    34,   1616
    40,   6878
    19,   4576
    44,   4785
    44,   4342
    28, -11816
     5,  -5174
    28,  -7613
    20,  -7661
    22,  -6742
    42, -16056
    46,  -7481
    41,  -6872
    48, -11130
    28,  -8613
    45, -10539
    28,  -2049
    47,   5893
    54,   6773
    36,   7904
    46,    691
    36,   8585
    41,   6991
    41,  13609
    45,   2369
    35, -13776
    54,  -6583
    29,  -5981
    34,  -5721
    43, -12486
    20, -11666
    39, -10930
    44,  -4341
    36,  -7928
    45, -12093
    19, -15929
    38,   -843
    23, -14978
    19, -12817
    44, -10484
    52,  -5578
    46,    280
    37,    364
    38,  12661
    49,   5215
     6,   1914
    48,   9376
    18,  10154
    36,   3810
    24,  -2809
    32,  -9258
    31, -11230
    42,  -5415
    38,  14401
    39,  14391
    45,   3457
    31,   3039
    22,  13810
    33,   5895
    31,   1171
    30,   3039
    48,  -2390
    46, -15615
    37,  -7890
    53,  -1482
    51,   6755
    23,   5585
    31,   7176
    39,   7349
    36,  -4293
    35,  -3646
    12, -11491
    45,  -1727
    47,   8901
    40,   7347
    21,  16847
    37,   3810
    31, -13329
    49,  -1140
    36,  -7861
    34,  -2480
    52,   6803
    45,   5886
    32,   5178
    39,    834
    48, -14682
    58,  -2634
    38, -10784
     6,  -2009
    44,   2250
    19,   3543
    20,   3384
    20,   7661
    44,   -655
    34,    299
    44,  -4869
    30,  -7134
    31,  11243
    46,   4847
    36,   7945
    23,   2695
    38,  16111
    32,   9345
    53,   1435
    39,   4930
    51,   5630
    44,  14080
    13,   5070
    41,   6873
    40,  -1997
    28,  -8562
    45, -12100
    36,  -7905
    17,   1994
    33,  13831
    44,  12009
    28,   7814
    37, -13155
    37,   -837
    52,  -1511
    12,    814
    48,  -1303
    15,  -6316
    36, -13197
     6,  -2009
    44,  -4228
    29,  -1906
    30,  -4510
    45,  -4341
    24,  17808
    36,   9095
    51,   6750
    30,   7135
    31,  15313
    30,   7834
     5,   5554
    45,   3851
    29,  -8475
    18,  -6188
    46,  -9943
    35,  -6576
    46, -11571
    37,  -3195
    52, -10804
    46,  -1727
    20,  -3389
    43,  -7957
    28, -10254
    46,   1727
    44,  -4312
    24,  -6755
    37,    332
    20,  -4627
    17, -14252
    35,  -2373
    30,  -3026
    30,  -7134
    13,   5075
    48,  15713
    45,   8537
    53,   5579
    46,  -3245
    43,  -2625
    37,  -7894
    28,  -2049
    27, -11970
    24,  -2590
    39,  -1977
    41,  -6872
    51,  -1458
    49,  -7044
    47, -13378
    48,  -5214
    29,  -9379
    18,   -465
    43, -11790
    17,  -6145
    53,   2744
    43,  12109
    51,  14964
    48,   7074
    44, -12523
    14,   1082
    23,  -2694
    20,  -7661
    32,   5111
    31,   6052
    30,   3641
    17,   6126
    38,  -5062
     5,  -9908
    46, -12582
    28,   2040
    44,    228
    12,  -4851
    19,  -4625
    34,  -1625
    40,  -2031
    40,   1384
    27, -11768
    36,  -4382
    17,   1992
    39, -13041
    28,   1963
    45,   -245
    28,   3016
    22,  11588
    17,  18737
     5,   6106
    32, -10602
    28,  -8466
    23,   2750
    28,  -7823
    44,  -8390
    30, -11278
    41,  -9496
    36,  -3809
    49, -13261
    41,  -6843
    35,  -8446
    34,   2471
    41,  -1942
    38,  -3718
    48,  -5848
    35,  -6576
    12,  -3190
    27, -10354
    40, -10185
    28,  -2049
    16,  -7048
    60,  -2305
    59,    866
     6,  -6105
    12,  -9265
    38,    836
    36,  -2405
    48,   1119
    45, -12915
    40,  -6041
    12,  -5232
    42,  -1319
    20, -12736
    24,  -1447
    39,  -7359
    54,  -2613
    50,  -9379
    23,  -1303
     6,  -2480
    49,   1119
    48,  -1134
    23,  -6766
    11,  -3305
    41,  -1319
    48, -11131
    46,   3470
    39,  -2036
    36,  -7905
    31,   9362
    48,  15837
    54,  10871
    46,   6465
    20, -12602
    43,  -3759
    38,  -7227
    23,  -1401
    37, -12524
    23,  -1426
    23,  -2624
    41,  -6872
    35,   -309
    30,  -9338
    31,  -1177
    46,  -5823
    50,  -7073
    29,  -8479
    45,    257
    44,  -3850
    27,   3786
    23,  -1536
    22,   1488
    40,   2040
    23,   1761
    38,  -4778
    37,  -4167
    42,  -1319
    37,  19743
    43,  20307
    30,  17480
    53,   6710
    27,  -6964
    49,  -2488
    43,    825
    17,  -6145
     6,  14731
    37,   7983
    28,  10230
    20,   7661
    16,  -6082
    43,  -1640
    39,  -6869
    28,  -2049
    47,  -9348
    53,  -9724
    21, -11033
    46,  -6465
    33,  -5634
    28,  -9288
    33,  -7867
    23,  -2694
    41,  -6032
    31,  -2868
    39,  -3148
    37,    287
    37,  18433
    26,  12659
    22,   6849
    39,   6136
    30,  17506
    28,   8615
    11,   7300
    53,   6710
    29,    998
    48,   1161
    39, -10230
    28,  -7823
    20,    509
    52,  -2616
    52,  -2686
    29,  -6145
    48, -11124
    38,  -7411
    46, -11614
    46,  -4787
    53, -10743
    35,  -1435
    38,    351
    47,   3405
    44,   4405
    46,  -8469
    21,  -8790
    53,  -6709
    50,   5596
    47,  15258
    23,  10806
    34,   6567
    31,  -7211
    31,  -7222
    37,  -4418
    38,   3253
    47,   4832
    43,  -2781
    45,  -7922
    28,   4465
    23,  -2734
    22,   1375
    19,  -7771
    20,  -4627
    53,  -6535
    45,  -2273
    20,   3665
    38,  -3262
    22,  -9495
    39,   1397
    32,  -1333
    20,   4627
    47,    758
    50,   3080
    31,  -7115
    23,   2695
    27,  -8493
    36,  -7948
    41,   1221
    28,  -2049
    23, -10822
     5,  -2770
    22,  -1530
    49,  -1118
    45,  -9781
    47,  -6984
    45,   4430
    30,  -5153
    38,  -4828
    39,  -6016
    34,   1687
    38,   3253
    16,  -5965
    44,  -8340
    34, -10624
    48,  -5214
    45,  -4807
    34,  -5691
    23,  -2699
    39,  -2049
    51,   1468
    28,  -2055
    29,  -4432
    39,   2040
    37,   -777
    39,  -1993
    35,  -3248
    30,   3039
    49,  -9619
    28,   3898
    29,  -5063
    20,   4627
    38,  -8903
    31,   3094
    47,  -3325
    42,  -2776
    13,  -3384
    40,   5474
    28,   2140
    36,   4383
    29,   3817
    47,   -716
    11,    781
    28,  -7823
    21,  -8391
    45,  -3285
    30,   -945
    30,   5154
    30,    439
    39,   3285
    38,   3336
    47,  -6465
    45,  -5749
    34,   1739
    39,  -6105
    36,  -7905
    46,   -674
    40,  -8984
    36,  -8529
    28,  -7823
    29,   4479
    22,   5608
    30,  -9121
    41,  -5415
    41,  -2776
    47,  -5072
    21,   7773
    29,   6150
    35,  -5721
    13,  -3297
    49,   1164
    18,  -2092
    49,   1119
    52,   9681
    21,   7707
    20,    415
    48,   1119
    27,   6217
    12,   7349
    44,  -4275
    41,   1320
    44,   2412
    48,   7016
    28,   8482
    45,  -5823
    29,   3747
    17,  10155
    35,   2467
    42,   5416
    13,    938
    50,   1855
    48,  -2269
    31,   5154
    48,  -1051
    39,  -5442
    39,   2130
    44,   3851
    19,  -4521
    38,   9107
    28,   -298
    38,    834
    37, -13018
    40, -15122
    37, -15508
    39,  -6145
    42,  -4325
    28,   3084
    42,   3872
    30,   3039
    46,   7578
    52,  -2654
    48,   1110
    46,    691
    36,   5771
    40,   4969
    46,  -4359
    23,   1402
    18,  -3695
    52,   1580
    29,  -5040
    46,  -2369
    36,   3809
    18,    618
    49,   5182
    23,   5498
    12,   3193
    35,  -1681
    30,  -3613
    49,  -5214
    40,   7429
    30,  -2920
    30,  -3628
    39,  -3262
    44,   9381
    21,   5629
    12,    818
    12,   3243
    48, -13288
    48, -13331
    28, -20813
    28,  -7823
    20,  -3638
    34,   5715
    27,   6126
    46,   4787
    12,   4582
    36,   -365
    29,    997
     5,   6106
    47,   -736
    21,   4627
    54,   1494
    38,   7349
    43,  -4811
    53,   6764
    35,   7891
    12,   4910
    45,   5256
    22,   2657
    50,  -1479
    34,   5712
    24,   9671
    40,    875
    35,   1593
    45,   3851
    26,  -4424
    34,  -2440
    45,  10600
    20,   7661
    34,  -2510
    12,   9263
    13,  11376
    39,   2040
    35,  -1610
    41,   6908
    12,   7367
    36,   3810
    22,   9730
    37,  -3115
    36,   3372
    34,   2471
    47,   4343
    44,   3933
    46,  10550
    42,   1320
    17,   6148
    30,  -3108
    45,   8800
    20,    531
    34, -13886
    37,  -4339
    36, -20712
    44,  -7946
    37,   -811
    39,  -2710
    36,  11457
    36,   -286
    45, -19635
    40, -10851
    39, -10869
    20,  -4627
    28,  -3696
    46,   4866
    43,   8506
    42,  -1319
    50,  11233
    23,  -2807
    50,   1153
    53,   1483
    40,    914
    37,   3866
    25,   5547
    42,   5416
    44,  11673
    35,   7989
    36,   4425
    28,   4465
    35, -18910
    47,  -4734
    25,  -9532
    53,  -6709
    21,  11900
    27,   3703
    46,  12509
    42,  -1319
     6,   6483
    28,   3735
    29,    277
    31,  -3038
    39,  -6114
    35, -13973
    26, -12065
    30,  -5153
    19,    248
     6,   5036
    28,   4122
    12,   3243
    40,   5572
     5,  10412
    46,   3477
    36,   -286
    42,   1245
     5,  -1909
    46,   2400
    47,   5823
    20,  12861
    48,   9419
    41,  -2794
    48,  -2977
    36,   3885
    17,   2023
    34,  -1601
    34,   6567
    12,   5095
    37,    901
    34,  -1599
    34,  -1625
    34,  -2451
    48,   7177
    37,  11391
    46,   5823
    27,   7801
    34,   9880
    12,  11540
    23,   6791
    47, -11443
    31,  -9057
    21,  -4418
    28,  -7823
    48,  11211
    40,  -2762
    28,  11990
    20,   7661
    39,   5448
    23,  11654
    30,  12212
     5,   2010
    55,  10832
    31,    932
    49,   6524
    23,   5498
     4, -18351
    34, -17852
    41,  -9442
    28,  -3727
    30,  -9182
    36,  -7881
    49, -13414
    35,  -5721
    45,  -8707
    35, -12488
    20, -16837
    46,  -5823
    51, -14858
    40,  -6043
    45,  -5764
    36,  -7905
     5,  -1358
    30,  11373
    38,   4977
    53,  -1482
    12,  -7263
    44, -16621
    43, -12606
    34,  -5721
    30,   3217
    54,   6676
    47,  11604
    39,   7349
    39,   1362
    33,   4391
    26,    337
    17,   6126
    50,  -2633
    48,  -2897
    20, -12849
    48,  -2977
    36,   6701
    39,   4962
    50,  -1108
    54,   6710
    17,   2097
    17,  10376
    12,    553
    44,   -245
    49,  -9871
    42, -14275
    54,  -5568
    46,  -7501
    48,  -1015
    30,   9426
    38,   6230
    34,  -1625
    29,   7652
    32,   6268
    44,  10398
     5,   6106
    32,   4961
    30,    205
    47,   8729
    20,   3565
    39,  10340
    43,    311
    36,   7842
    52,   6710
    38, -11302
    24,  -9489
    45, -11928
    28,  -4474
    51,   1069
    47,   7499
    39,   -918
    46,   4787
    30,  13430
    43,  12621
    30,   1145
    48,   2978
    25,  11092
    22,   8789
    30,   4455
    39,   -843
    22,  -9679
    28, -11869
    28,  -7123
    52,  -2613
    28,  -9193
    37,  -7296
    21,  -2719
    28,  -7823
    17,  10080
    52,   9657
    53,   9676
    36,    287
    31,   9257
    44,   -248
    47,   5197
    36,    287
    39,   -732
    42,   6887
    23,  13734
    37,   -286
    50,  13423
    55,  13724
    47,   9838
    42,   1320
     5,   1929
    20,   3662
    34,   9792
    35,   2471
    38,   3236
    36,   8474
    47,  -1072
    44,   7947
    27,   4410
    33,  14720
    19,   3473
    44,    246
    41, -10879
    38,  -7318
    44, -16612
    44,  -7946
    13, -13062
    47, -13958
    29,  -7817
    47,  -4787
    23,  -2628
    39,  -1243
    44, -12410
    49,  -2977
    43,    284
    38,   6308
    39,   2844
    28,   6136
    19,   2113
    33,    974
    37,   2535
    20,   7661
    46, -10538
    46, -10466
    47, -11548
    45,  -1727
    35,   3577
    27,   7822
    17,   5417
     5,   2010
    27, -16561
     6,  -6135
    16, -10122
    31,  -5153
    17, -10308
    42,  -9508
    45, -13961
    45,  -1727
    35,  -9880
    49, -15432
    46, -14823
    35,  -6576
    34,  10715
    27,   2136
    38,   4929
    17,   2030
    29,   5941
    46,   3248
    41,   1889
    12,    814
    30,   9256
    45,  15705
    23,   6847
    28,   4465
    23,  -9469
    23,  -6750
    20,  -7648
    39,  -3262
    39,   5021
    41,   5461
    33,   1544
    38,   3253
    12,   -525
    46, -15590
    17,  -1878
    52,  -2613
    42,  -9259
    30,  -8378
    30,  -1741
    17,  -2049
    27,    224
    27,  10242
    50,   5365
    20,   4627
    48,   9298
    43,   3877
    52,  14937
    30,   5154
    47, -12878
    31,  -7129
    47,  -7497
    47,  -4787
    49,   5622
    47,  13443
    19,    625
    34,   2471
    45,  -5714
    34, -14589
    44,  -7409
    36,    287
    31, -13336
    43,  -9489
    41, -14382
    29,  -6145
    24,  10850
    46,   3346
    39,   3209
    42,   1320
    36,    416
    31,  -7089
    42,  -9504
    53,  -2613
    44,  -7933
    38, -15581
    24,  -2660
    37,    287
    33,  -2395
    44,  -5722
    13, -15595
    53,  -2613
    37,  -4262
    51,  -2510
    34, -13980
    52,  -1482
    12,  13241
    40,  13680
    19,  12887
    36,   3810
    35,  -4370
    28,  -4369
    37, -15476
    23,  -1401
    37,  13996
    48,  15799
    43,   2880
    47,   7501
    27, -11759
    34, -14703
    26, -10173
    48,  -5214
    40,  -5315
    12,   -759
    45, -11893
    38,  -4939
    30,  17448
    44,   3917
    45,  11683
    41,   5416
    43,  16593
    12,  17114
    45,  10471
    30,   7135
    21,  17118
    17,   6326
    41,   1351
    28,   6136
    44,  -8701
    28,  -3578
    52,  -1349
    12,  -7378
    37,   3338
    33,   9896
    44,   4805
    20,   3565
    20,   8645
    11,   4992
    18,   6165
    46,   1727
    29,   9035
    22,   6689
    36,  16998
     5,   2010
    42,  -1279
    33, -10685
    30,  -7147
    30,  -1057
    52,  -9540
    37,  -3176
     5, -10496
    34,  -2480
    36,   2546
    47,  16981
    37,  16004
    53,   6710
    12,   3448
    50,  13362
    29,   2078
    41,   6873
     4, -10075
    21,   -544
     5, -14212
    49,   1119
    39,   -843
    35,  -6463
    42, -10218
    42,  -5415
    35,   6622
    44,   4331
    35,  10766
    45,   3851
    34,  13873
    44,  12453
    29,  13272
    44,   3851
    22,  -9643
    22, -13898
    20,   -895
    12,   -853
    26,   -321
    42,   -335
    40, -13653
    20,  -7661
    23,   2835
    20,  17020
    36,  16681
    28,   7814
    29,  -5998
    41,  -2007
    53, -10753
    41,  -1319
    33,  -5733
    51,  -2628
    42,  -4367
    44,   -245
    34,  17908
    37,  11486
    34,   5702
    36,   3810
    20,   -485
    49,  -3021
    27, -11995
    30,  -5153
    53,  13744
    22,   2612
    18,  18268
    38,   7349
    45,   7976
    53,  13845
    17,  14226
    47,   3405
    23,  13845
    31,  17549
    45,   7526
    20,   4627
    36,  -5781
    13,    885
    35,  -5682
    53,  -5578
    47,  18984
    47,   6566
    47,   6607
    28,   3718
    49,  -2973
    19, -11681
    12,   -861
    45,  -7501
    19,   7521
    50,  14956
    14,   5886
    34,   5712
    46, -12439
    29,    316
    13, -12787
    54,   1483
    12, -11182
    41, -10130
    13,   -771
    23,  -5497
    44,  -7971
    41,  -2785
    29,  -6198
    44,   -245
    31,  15304
    32,  19445
    45,  16590
    28,   7814
    28,   1186
    40, -10873
    11,  -9079
    39,   -843
    23,   2888
    45,   2506
    12,  -7267
    44,    246
    45,  14067
    19,  11891
    40,   5429
    34,   5712
    41,   5456
    39,  10232
    45,  11643
    36,   4383
    31,  17390
    22,  10812
    46,  11522
    12,   7339
    36,   1936
    28,  -5225
    50,  -5688
    28,  -7823
    45,   5369
    41,  16293
    20,   7879
     5,   6106
    49,  17548
    47,  19399
    45,  18182
    48,   7074
    47,  -1693
    41,   2120
    25,  -9572
    23,   2695
    41, -11014
    46,    681
    13,  -5032
    30,  -7134
    37,    862
    44, -12474
    45,    763
    34,   1616
    20,   8610
    22,   9684
    31,  15436
    28,   7814
    33,  -4750
    38,  -7788
    33,   -685
     5,   2010
    34,  13926
    46,   7459
    20,  19998
    28,   7814
    27,  -9093
    46,   2780
    21,  -6693
    12,  -3282
    45,   -602
     6,  -5755
    44, -11514
    28,   3718
    34,   6678
    12,  19553
    36,   8519
    39,   6136
    31,  17465
    40,  18405
    23,  14904
    47,   7501
    47,  -5687
    53,  -2559
    24,  -1348
    20,  -3565
    16,  -2030
    41, -11002
    20,   -307
    28,   2040
    37,  19128
    29,   9280
    15,   6007
    23,   5498
    55, -10858
    17,  -6104
    30,   -373
    41,  -1319
    33,  10738
    22,   9551
    12,  11135
    34,   5712
    25,  -2152
    49,   2594
    21,  -1319
    12,    814
    27,  -7554
    44,  -8544
    52,  -9422
     5,   2010
    50,  -1081
    45,   3824
    13,   1128
    42,  -6872
    36,  -3615
    46,  -8617
    45,   3632
    12,   -853
    37,  -4361
    40,   -849
    48,  -3106
    20,   -531
    40,  -6081
    46,   1749
    45,  -3862
    53,   2614
    40,  -7074
    45, -10593
    34,  -6688
    34,   1616
    48,  -6425
    43,  -1293
    36,   4436
    47,   3405
    28,  18472
    35,  13984
    45,  20650
    39,   7349
    13,  15629
    48,   8883
    13,  17116
    49,   7074
    45,   1573
    45, -10606
    39, -10354
    39,  -6145
    39,   -811
    40, -10241
    46,   1787
    47,   -691
    48,   3057
    26,  -2148
    31,  -3082
    23,   2695
    38,   -783
    23,  -5271
    20,   -285
    20,  -3565
    27,   4632
    12,  -3086
    37,   5056
    30,   5154
     5,  -1634
    44,   -206
    36,  -8440
    46,  -2369
    31,  -5139
    28,  -6193
    47,   3342
    46,   4787
    31,   1013
    40,   1278
    45,  -6491
    38,  -4939
    32,  15337
    28,  12617
    39,  15552
    41,   6873
    21,   4720
    42,   2811
    46,  -7427
    37,   -286
    38,  -2168
    35,   1468
    19,  -3848
    23,  -6790
    36,   8493
    36,  20226
    45,  18078
    53,   6710
    47,  -1640
    34,  -9730
    46,    -60
    23,  -6790
    40,  13803
    38,  21313
    28,  16171
    36,   7906
    46,   3864
    48,  -4773
    41,   6113
    45,  -4341
    46,  -7413
    35,   1665
    46,    725
    31,  -3038
    46,  -7509
    29,   4353
     6,   1860
    44,  -3850
    37,   -904
    45,  -3446
    44,   -640
    28,   -378
