    24,   1725
    25,   1758
    25,   1899
    25,   1976
    25,   2039
    25,   2033
    26,   1998
    25,   2263
    26,   2362
    26,   2427
    24, -13995
    25,   2487
    26,   2559
    25, -13783
    19,   3128
    24,   2784
    25, -13594
    24,   2909
    25,   3159
    26,   3093
    25,   3093
    24, -13302
    26,   3073
    25,   3220
    24,   3355
    25,   3423
    24,   3439
    24,   3549
    24,   3603
    25, -12746
    25,   3737
    25, -12624
    26,   3691
    24, -12494
    24, -12356
    24,   3994
    25,   4111
    26,   4097
    24,   4278
    25, -12089
    25,   4399
    25,   4344
    25,   4412
    26,   4457
    24, -11853
    23, -11796
    26,   4682
    25,   4750
    24,   4879
    25,   4892
    28,   4833
    24,   4970
    24,   5195
    24, -11232
    24, -11211
    25, -11084
    24,   5319
    25,   5384
    23,   5530
    25, -10869
    25,   5700
    24,   5696
    25,   5694
    25,   5844
    24,   5777
    27,   5890
    24, -10361
    24,   6039
    25,   6128
    25,   6254
    27,   6449
    25,   6223
    25,   6361
    25,  -9933
    24,   6563
    24,  -9801
    25,   6651
    25,   6772
    25,  -9641
    25,  -9603
    24,  -9309
    27,   6857
    24,   7004
    25,  -9293
    25,  -9166
    25,  -9142
    25,   7209
    25,   7339
    25,   7414
    24,   7405
    25,   7560
    24,  -8787
    24,   7641
    26,   7727
    24,  -8519
    25,   7877
    25,   7885
    25,  -8394
    24,   8038
    25,   8304
    24,  -8217
    24,  -8151
    27,  -8070
    24,   8376
    25,  -7924
    25,  -7879
    24,   8505
    25,   8665
    24,   8687
    24,  -7698
    25,   8894
    25,   8845
    24,  -7468
    24,  -7338
    24,   9024
    25,   9135
    25,  -7226
    24,  -7144
    25,   9368
    26,   9355
    24,  -6896
    23,   9480
    25,   9556
    23,   9644
    26,   9708
    25,  -6475
    25,   9790
    25,   9845
    25,  10216
    29,  -6002
    26,  -6270
    24,  -6205
    25,  -6181
    26,  10348
    25,  10302
    25,  10445
    24,  -5663
    25,  10548
    25,  -5837
    25,  10732
    25,  -5603
    25,  -5520
    25,  -5565
    25,  -5388
    26,  11012
    24,  11067
    24,  -5278
    24,  -5156
    25,  -5090
    24,  -5061
    26,  -5049
    24,  -4982
    26,  -4913
    25,  -4780
    24,  -4667
    26,  -4690
    23,  11776
    25,  -4593
    25,  -4657
    25,  -4342
    28,  -4317
    24,  11994
    25,  -4236
    25,  12227
    25,  -4095
    24,  12334
    24,  -3958
    26,  -3854
    25,  -3840
    24,  -3740
    25,  -3678
    26,  -3740
    26,  -3568
    24,  12906
    25,  -3496
    25,  -3326
    24,  -3312
    25,  -3274
    25,  -3191
    26,  13232
    25,  -3104
    26,  -2923
    25,  -3001
    24,  13483
    25,  -2797
    24,  -2803
    26,  -2575
    25,  -2672
    25,  -2493
    24,  -2444
    25,  -2562
    28,  -2441
    25,  -2252
    24,  -2427
    25,  14183
    27,  -2089
    24,  -2113
    25,  -2041
    25,  -1953
    25,  -1976
    24,  -1791
    24,   1868
    25,   1863
    24,   1813
    25,   1994
    24,   2049
    25,   2124
    25,   2149
    25,   2214
    25,   2263
    25,   2346
    23, -13787
    25, -13895
    25, -13783
    26,   2553
    25,   2685
    24, -13628
    24, -13528
    24, -13515
    25, -13476
    22,   3014
    25,   2997
    25, -13264
    25, -13183
    24,   3215
    25,   3377
    25,   3359
    25, -12950
    25,   3335
    26, -12792
    24,   3563
    26,   3685
    25,   3714
    25,   3822
    24, -12500
    25, -12400
    25, -12329
    25,   4076
    25, -12199
    24,   4291
    25,   4273
    26,   4492
    23,   4229
    25,   4455
    24,   4601
    25,   4586
    25, -11711
    24,   4732
    24, -11592
    25,   4853
    25,   4796
    25,   4923
    25,   5180
    25, -11326
    27, -11177
    25, -11200
    25,   5443
    25,   5385
    24, -10790
    26,   5528
    25, -10780
    24,   5534
    25,   5617
    24, -10596
    24, -10554
    25,   5659
    26,   5818
    25,   5975
    25,   6049
    24,   6116
    25, -10242
    25,   6245
    25, -10045
    27,   6386
    25,   6450
    25,   6544
    25,   6625
    26,   6729
    24,   6701
    25,   6730
    24,   6812
    24,   6874
    25,   6969
    25,  -9446
    24,   7098
    25,  -9244
    25,  -9207
    26,  -8962
    25,  -9090
    25,   7350
    25,  -8888
    25,  -8858
    25,   7669
    25,   7616
    25,  -8507
    25,  -8592
    25,  -8515
    24,   7902
    25,   7991
    24,  -8324
    25,  -8281
    25,  -8295
    25,  -8176
    24,   8329
    24,   8352
    24,  -8008
    25,   8513
    25,   8642
    24,  -7743
    25,   8634
    25,  -7610
    24,   8761
    25,  -7509
    24,   8951
    23,  -7421
    25,   8883
    26,  -7270
    24,   9244
    24,   9230
    25,   9362
    24,  -7028
    25,   9384
    25,  -6863
    25,  -7023
    24,  -6726
    25,   9755
    24,   9691
    24,  -6539
    25,  -6473
    25,  -6448
    24,  -6344
    25,  -6276
    24,  10198
    24,  -6089
    25,  -6099
    25,  -6018
    26,  -6093
    25,  10476
    24,  -5838
    23,  10577
    24,  -5813
    25,  -5700
    25,  -5541
    24,  -5582
    33,  10559
    26,  -5358
    25,  -5339
    25,  -5250
    24,  -5177
    25,  -5138
    19,  -5005
    24,  -5003
    25,  -4957
    24,  -4887
    24,  -4909
    25,  -4785
    25,  -4686
    24,  11798
    25,  -4440
    24,  -4503
    25,  -4533
    24,  -4361
    25,  -4338
    24,  -4138
    25,  12233
    26,  -3993
    24,  12314
    26,  -3974
    25,  -3981
    26,  -3873
    24,  -3713
    26,  12644
    25,  12718
    25,  -3623
    25,  -3591
    25,  -3514
    24,  -3409
    24,  -3334
    25,  13046
    24,  -3250
    24,  -3166
    26,  -3216
    25,  -2967
    26,  -2843
    24,  -2857
    25,  -2902
    25,  -2825
    25,  -2655
    25,  -2612
    25,  -2525
    25,  -2554
    25,  -2469
    26,  -2411
    26,  -2309
    24,  -2240
    25,  -2142
    24,  -2163
    25,  -1962
    24,  -1984
    25,  -1913
    24,  -1930
    25,  -1818
    25,   1768
    25,   1896
    24,   1912
    25,   1925
    25,   2054
    25,   2053
    24,   2173
    23,   2289
    25,   2285
    25,   2400
    25, -13994
    26,   2429
    25,   2560
    24,   2595
    25,   2729
    25,   2705
    24,   2754
    24,   2901
    27,   2986
    25, -13337
    25,   3020
    25,   3023
    24,   3170
    25,   3243
    26,   3313
    24,   3361
    25,   3447
    25,   3453
    25,   3558
    25,   3753
    24,   3712
    25,   3658
    25, -12528
    26,   3921
    26, -12350
    25,   4017
    24,   4089
    24,   4164
    25,   4266
    24, -12096
    24,   4385
    24,   4376
    25, -11963
    26,   4165
    25,   4630
    24,   4661
    25,   4745
    25,   4774
    25,   4834
    25,   4942
    25,   5035
    24, -11245
    25,   5119
    29,   4814
    24,   5239
    24, -10997
    25, -11026
    25, -10910
    25, -10850
    25,   5640
    25, -10816
    24,   5666
    26,   5727
    25, -10586
    24,   5852
    25,   5935
    24, -10356
    25,   6134
    26,   6621
    24,   6034
    25,   6289
    24,  -9975
    24,   6324
    25,   6431
    24,   6572
    26,  -9859
    26,  -9730
    25,   6700
    25,   6761
    24,   6900
    24,   6886
    25,   6960
    25,   6994
    26,   7077
    25,  -9239
    24,  -9129
    25,  -9039
    26,   7398
    23,   7437
    25,  -8855
    26,   6761
    25,  -8689
    25,  -8717
    24,  -8796
    25,   7832
    24,   7677
    25,   7917
    25,  -8382
    25,   8029
    25,  -8263
    23,  -7961
    26,   8079
    25,   8269
    24,  -7977
    26,   8433
    25,  -7780
    24,  -7851
    24,   8586
    24,  -7659
    25,  -7641
    25,  -7576
    25,  -7441
    25,   8976
    25,  -7367
    24,   9126
    26,  -7213
    25,  -7069
    25,   9276
    25,   9250
    24,   9388
    25,  -6827
    26,   9528
    25,   9553
    34,   9170
    25,  -6692
    25,  -6531
    24,   9756
    24,   9884
    24,  -6377
    24,  -6339
    24,  10104
    25,  10101
    26,  -6351
    26,  -6134
    25,  10352
    24,  -5909
    25,  -5912
    25,  10454
    25,  -5875
    24,  10641
    24,  10753
    25,  10840
    24,  -5560
    24,  11045
    25,  -5395
    26,  11096
    24,  -5227
    24,  -5131
    25,  -5210
    24,  11260
    25,  -4958
    25,  -4867
    25,  11525
    25,  11563
    25,  11511
    26,  -4832
    26,  11868
    25,  11853
    24,  -4512
    25,  -4485
    25,  -4347
    24,  12132
    28,  -4119
    25,  12159
    28,  -3998
    25,  -3956
    25,  12384
    24,  12446
    24,  -3811
    24,  -3846
    27,  12564
    24,  -3709
    25,  12791
    27,  -3579
    25,  -3213
    24,  -3437
    25,  -3126
    24,  -3332
    24,  -3209
    25,  -3234
    24,  -3094
    24,  13386
    24,  13378
    25,  -2987
    24,  -2825
    25,  -2796
    25,  -2597
    25,  -2583
    25,  -2548
    24,  -2522
    25,  -2528
    25,  13973
    24,  -2309
    25,  -2428
    25,  14160
    24,  -2039
    25,  14381
    24,  -2044
    25,  -1888
    24,  -1906
    25,  -1808
