     0,      0
     0,      0
     0,      0
-15678,  -6785
  9885,  -9930
-12027,   4277
 10043, -12363
  7062,  -3713
 -4913,  12492
 -6667, -14934
  6889,   3799
 -9812,  12211
  3875,   9480
  4134,  -3501
 -3770,  12305
 -1157,   7017
  1413,  -1640
-10292,  -3660
-12689,  -3717
 -1225,   6919
-12371,   1896
  4196,  -4207
  3607,  12736
  1936, -12033
  4491,  -6980
  4807, -14745
 -4230, -10080
 -9305,   3638
 -6885,  14104
-14242,  -1747
-13025,  -4247
-15783,  -1377
 -9946,  -7294
  9899,   4710
  6642,  10007
 -7249,  -1216
 -4018,   3815
  9127,   4223
 -3728,  -4427
  1388,   4149
-10013,   7161
-15811,  -1356
 -5546, -16057
-16307,   8796
  6357,  12559
  6827,  15791
 -1088, -15806
-15730,  -1616
  3844,   6866
 -9821,  15033
-10215, -14523
 12645,   5052
 16473,  -6987
 13266,   1132
  3084, -13216
  -724,  -6615
 15921,  -2506
 12081,  -3250
-11891,  -4499
 -4011,  -3816
  1272,   4066
 -4542,  12391
  9750,   -814
 -6762,  -1604
-10336,  -4277
 -6921,   7016
  9596,  14765
 10133,  14157
  4559,   8971
 12231,   1447
 -9396,   9599
  1275,  -4060
 -6362,  -9045
  6698,   9893
  9586,  10178
  5031, -15074
  3923,  15248
-15590,    801
 -7071,  -9800
-15604,  -7382
  3920,  -9415
-15020, -10187
-12574,  -7110
-15458,  -7348
 -2651,  -3768
 10302,   -745
-10168,  -4235
  9596,   4145
  7061,  -6617
 -7081,   9470
 -1623,   6671
 -9487, -10143
  7150, -12806
  6931, -15300
 15592,   4263
-15029,  -9517
 -4206,  -5978
 -4430,   9827
-10004,   -885
 -4868,  12281
 -1796,   6986
  1303,  -1340
 10109,   -922
 16050,  -6427
 -7294,  -1869
-15928,  -1544
 -7130,   1626
  6765,   4656
   788,  12298
-15142,  -7593
 -6706,  -1472
 12307,  -1414
 -9656,   1163
 -4323,  -4141
 -9640, -13705
  9325,   8150
 10560,  -9513
 -8420, -11971
 -1288,   7033
 -4666,   1687
-12819,   6177
 15680,  -9384
 -9581, -13621
 -6958,  -4377
  1847,   4147
 15809,   3992
  9794,    926
 -4451,   1567
 15700,   7089
  -744,  14572
 14565,  -4621
  9864,  11695
  9776,   4347
  4088, -12835
  3734, -16000
   929,  -5025
  7367,  16866
-13853,  -4773
  9417,   7194
 -1469,  14963
 -6750,  -1378
  6959,  -7227
 14890,   4329
  9629,  12777
 -9246, -13145
 12772,  -4356
-10771, -15313
  1629,  12500
 -8229, -11699
  4194,   9093
 14547,  -9600
-11706,   4520
 11499, -10230
  7043,  -9644
 12729,   4302
  1350,  -1508
 -9467,  -4748
  4198,   7385
 -5083,  12853
-12704,  -1439
-10111,   1353
  4275,   1668
 -8892, -12641
-10078,   4443
  1821,  15611
 12590,  -9534
 12394,   9835
 -3904,  -5550
-10036,  16539
  7663,  -7495
-13433,  -7166
 -4370,  -3951
-15648,   6871
 -6906,  -1501
  7404,   7552
 10234,  -6873
 -7628, -10844
 -1607,   1617
 -9765,  -1042
 -7145, -10157
-10127,  -7823
  7382,  -6801
 -1279,  -1818
 13337,  -6656
-10661, -15156
 15654,   7595
-12180,  -1488
-12538,   9924
  6975,  -4650
 -9193, -12803
 -8643, -12287
  9787,   9654
-15739,  10663
 -4185,  -4112
 -7276,   1751
-11735,  -9378
 -4424,  -6289
 11973,   1429
-16394,  10257
-10481,  -1649
 -7134,  -7015
  4376,  15983
-15987, -10349
 -9990,   7145
 -1589,   9497
 -4292,  -6101
 -7659, -10889
  4142,   7108
 -5617,  -7986
 15896,  -6642
  2841,  12128
 -9023, -12827
 -7417, -10544
  4454,   9541
 -1111,   7124
 -8226, -11694
 -9714,  -1491
 -4085,   9968
-12473,  -9883
 -9851,  -1200
 -8504, -12090
 -8378, -11911
 15185,   7512
 15672,   7919
 13089,   7715
 -7817,  12872
 -4428,  10230
  1431,  16257
 -9617,  -9661
  4161,  10092
 14476,   3940
 -9173, -13041
 -4054,   6893
 -9508, -13517
  1351,   3919
 -9547,  -1023
 -4258,  15136
-13061,   4469
 -1338,   4452
 -6776,   9668
 -7363,    805
  9143,  10371
   500,  13063
 12333,   6931
  6963,   1216
-15143,  -1065
 -4126,  -5865
 -8311, -11815
 15279,  10149
 -1860,   9946
-15673, -10412
 -8419, -11969
 -6330,  -8999
  1206,   4209
 12712,   -376
 -9817, -13956
 -9492,   6210
 -7152, -10167
 -6562,   3746
 -9761,  -1258
 -6831,   1268
 -4326,   6831
 -5627,  -7999
 -6990,  -9937
-12742,  -1522
-10319, -14671
 -6870,  -9766
 -3953,   4606
 -9964, -14166
-15098,  10407
-14914,  -4482
 -7004,  -9958
 -1118,   1630
-15607,  10016
 -5899,  -8386
 -4229,  15798
 -7813, -11108
-10646, -15135
 -9549,  -1304
 13061,   1200
 12568,  -1194
 12408,   7036
-15581,    705
 15724,   2105
-16329,  -2116
 -9774, -13895
 -7225,   6930
 -6847,   1337
  1367,   1369
 -6194,  -8806
 -9241, -13138
  3901,   3927
  4508,   1284
 -1566,   9517
  4333,  12722
-10471, -14887
 -3457,  -4914
 -6076,   8637
 -2864, -15448
 -6743,   9586
 -6700,  -6789
 12528,   7160
-10509, -14940
 10558, -15466
 15364,  -9963
 -7308,  10390
-15475,   4295
 -6503, -15511
 -3960, -12484
 -9779,   3725
 -6992,   7038
 -4442,  -1659
 -9402,  13367
 -1147,   1629
  9769,  -4117
-15960,   9441
-12861,   6740
-10017,  14241
 -9316,  13244
 -9273,  13183
  4249,  -1030
 -9666,   1240
 12968,  -6170
 15196,   -918
 -4208, -10051
-12932,   4145
 -9412,  13381
 -9436, -15527
 -5823,   8278
-15704,  -4088
-10536,  14979
 -3840,  -7133
 15509,   -655
 12574,  -4176
 15439,   1496
 -7253,   9716
 -4158,   1538
-10114,  -1509
 -1123,   1595
 -4882,   6939
 -9309,  -4785
 -7051,  10024
 -1140,   1620
-10292,   1361
  1451,  -4421
-10107,   9944
-15685,   3820
  1633,  -6947
 -4793,   6813
 12042,  -6907
 -7142,  10154
 -1339,   1903
-13223,  -7337
  4296,  -1282
-10224,  14536
 -6871,   9768
 -8819,  12537
-15140,   6774
 -9090,  -9338
 14567,  -4189
  1056,  -7032
 -5993,   8520
 10478, -12970
 -4497, -13287
-13417,   7362
 13213,  -1701
-15063,   9652
 -6830,  -4069
-12660,   1550
  5041, -11371
  1740, -17730
 11148,  -1575
 -7675,  10911
 -5934,   8436
 -7851,  11161
-10384,  11815
  4185,   -725
  4652, -12693
 -9139,  12992
 -7036,  -7166
  1253,  -1582
 -7107,  -4714
  9596,   3816
 -9485,  13484
 15864,   -244
 -9346,  13287
-15145,  -5644
 -6125,   8707
  8513,   8861
 10876,  -6520
  9342,   1565
  6834,  -6762
  1617,   1129
 10365,  -1433
 -7739,  11002
 -7427,  10559
  4071,  -1372
 -6986,  -6827
  4530,  -9437
  1793, -12092
 11538,   9937
 -8851, -12417
 -4401,  -1456
 -1821, -12149
 -6951,  -1623
 -3617, -15413
-15051,   1184
-12389,   1171
 -8562, -17107
 11931,   8595
  -478,  -9585
 14755,  10265
 -6905,  -4439
  9004, -12609
 -4484, -14701
 -6878,  -1462
  3786,  -6906
 -1282,   1256
-15576,    340
 -8239,  11713
 -9679,  -7729
-15306,   1719
  6952,   7330
 -6543, -15458
-13004,    663
-12482,  -7307
 -9959,  14158
 -1246, -12639
  9711,  -4390
 15922,   -459
 -8274,  11762
  4257,  -1778
  6709,   -804
  4626,  -6867
  1612,  -9466
-12832,  -1789
-10033,   4069
-13122,   7378
  6718,   9633
 -1406,  -1389
  -948,  -7204
 -7037,   4331
 12707,   1746
 -8878,  12621
  2319, -14741
  4567,  -6992
 -3605,  -9803
  -922, -13316
-12612,  -1793
 12412,  -9490
  9343,   4436
 -4361, -14948
  6819,   -876
 15286,   1630
  6533,  -4917
 -1541,  -9884
 -6785,   3880
 -4039,   5741
  3815,   9434
-12807,  -1781
 -3870,  -1495
  -945, -15975
 -4135,   1493
-12904,  -1611
-16561,   1125
 12270,   -934
 -6464,   4006
  9836,  -9620
 16455,  -3941
 16840,   -685
  1449, -16691
  6905, -12234
 -1773,  -1350
-12658,   7010
  9638,    812
 -9333,  13268
-14671,  -2825
 -7060,   9184
-10233,  14518
  9304,   1714
 -8616,  12249
 -1079,  -4349
 -6775,    967
  7098,  -4858
 -4113,   1701
 -1637,  -1205
 -1228,  -1097
 -9367, -15346
  9410,  12262
 12296,  10315
 -9365,  13314
 -7734,  10995
  9451,   4368
  9691, -12146
 -6759, -15308
 -4645,   4053
  -928,  -7206
 15822,  -4029
 -1498, -13002
 12620,  -6820
  7607, -15405
 15486,  -5743
 14529,   1611
  2131,  -9279
 14676,  10077
  2121, -15141
 -9721,    705
  1475,   4114
 -4725,   4123
  7756, -15221
 -6088, -15140
-12294,   9167
  1822, -12004
  9851,   6692
  1528,  -1224
 14142,  -7017
 -9471,  13465
 -8994,  12787
  1182,  -1274
 12722,  -3552
-12634,   9115
 16021,  -9403
 -3834, -15533
 12482,   1505
 -4517,   1451
 14683,  -3374
  3812,  12814
 15017,   -923
 15553,  -1034
  7503,  -9661
  4561,  -1428
 -4556,  -1498
 -4474,  -4447
 12355,  -4224
  1554,  -6715
 -3864,  -4424
-15349,   1208
  1265,   1103
-14546,    854
 -9800,   6379
-15313,  -7158
 12197,   1054
 -6987,  -1539
  2109,  -9691
 -6248, -12400
  -948,  -6690
  1613,  14917
 -3822,  15087
 -9656,   4271
 -3980, -13100
  2047, -10190
 -1830,  -6932
  7033,   4234
 -9628,  -3946
 14655,   9841
 -9872,  -4058
 12372,   4412
 -4008, -12837
-12168,  -4709
 -1486,   1360
  1234,  -1214
  1780,   1389
 -9877,   1912
 -1254,   1536
 13140,   -893
-10416,  -1635
 -7529,   6606
  -768, -15744
 -4974,   9879
  1557,   1315
-12678,  10112
-12002,   9478
 -3070,  15521
 -8972,  -1296
 11630,   4177
 14159,  -9479
 -6671, -15982
 12468,  10764
-12923,   9817
 -8165, -12019
-12671,   2268
-12972,  -6154
 -4546,  10056
 -4325,   9498
-15859,   4546
  9583,   1301
 15003,   1687
  1165, -14569
-15728,   4137
 -7484,  15759
  9529,  -9871
  1365, -14979
 -4165,  10173
-12356,  -6800
  7080,  -1134
-12725,  -7170
 -1213,  10114
 -6734,  16078
 12671,  -4578
 -9332,   4068
-10190,   4097
  4276, -15361
-13077,   4380
     0,      0
     0,      0
     0,      0
 13049,  10963
 -6856, -13353
 -9996,   1419
 10142,  12484
-10017,  -3860
  6842,  -4843
 -7570,  -1537
  9766,   1728
-12829,   7129
  9829,  -1231
 10197,  -6854
 15966,   4630
 -4817,   3878
 10026,  -4359
 -3974, -15582
 12342,   1345
  4346,   1745
 -9754,   1370
  3972,    996
 -4745,   7035
  1756, -13041
  1754, -12585
 -4589,   1292
  3723, -15183
  1007,   9691
 -9812, -10449
 -6627,  -4521
  7480,  -9016
 -4388,   6846
  3875,   3936
  7166,   1959
 -9373, -12916
 -4022,  -7261
 -1053,  -9953
-15362,  -7880
 15543,   4676
  3752,  14930
 12299,  -9751
 -1654, -12280
 -7067,   7120
-14736,  -1875
 14900,   4340
 -1435, -10039
 15890,  -6921
-12683,   7332
-12851,   6260
  3979,  16234
 -4272,  -1814
  9547,  12428
 -6840,  -1231
 10191,  10253
 -6560,   6728
  7248,   4352
-10634, -15118
-18685,  11005
 15232,  -7327
  4462,  18079
 -4944,  -1195
  4121, -15095
  1169,  -4028
 -4665,  12348
  7078, -10125
 12575,   4555
 -9820,   4001
 -3807, -15349
 -1535,   1278
 -4192,   1198
-13172,   4373
 -6235,  -8864
  9174,   7262
 -8063, -11464
  9589,  -3963
 -1211, -12439
 -4255,   4179
 15875,  -1087
  9614, -15118
 12690,  -4021
  9511,   1482
 -1304,  -1138
-10962, -14395
-14765,   7689
 15194,  -9186
  9325,   9498
  3850,  11962
  9791,  -1414
  1361,  -1530
 -1562,  -9876
  6846,   -802
 15586,   3942
  3953,   4399
 -6939,  -9865
  1412, -15434
 -1170,   1059
  9958,  13172
 13145,   1426
 -2448,  -3480
 -7061, -10038
 -4128,  -1291
  1785,  -9754
 12950,  -6699
-12544,   6593
 -1585,  12456
 -1826,  -1320
  6381,  10357
  7045,  -7046
  1579,  -1395
  9898,   1167
  6811, -12697
  7026,   9730
  1617, -12902
 15312,  -6797
 -2084,  15662
 -7547,   6590
 12895,   1755
 -3988,  -4357
  9575,  -4070
  4130,   1417
 -4028,  -4257
  3535,  15436
  4560,  -3995
 11749,  -7772
-15328,   2405
 12808,   3454
 -9093, -10309
 12568,  -6613
  9918,  -4193
 -7164,  -1385
   950,  10339
-10091,  -7648
  6904,   -963
  4063,  -1225
 -9720,   6889
-15524,  -4535
 -5579,  -7932
  9575,   7431
 -9153, -13012
  7287, -12694
-12773,   4514
 -7534,   6865
-16184,   1192
  9837,   4110
  9974,  10238
 -5952,  -8461
 12716,  -1277
 -9348, -13289
-10548,  -9560
  -912,   4467
 -5325,  -7570
  9957,   1430
  3956,   6805
 -6849,  -4923
 14483,  10724
  4251,   1388
  7465,  15520
 -3729,   7046
 -6401,   1103
  8637,   6961
 14834,  -8546
 -1226,  11978
 -6680,   9641
 -6569,   9978
 -7538, -10717
 -4564,   6262
-14948,  -5370
 -4465,   3644
 10245, -14971
 -8762, -12456
 -9888,   1304
  8664,  16241
 13118,  -8477
  6162,   7808
-10093,   3338
  3928,   1693
-12547,   6618
 -4272,  12961
-12392, -10815
 -4362,   6959
-10435,  15695
-10949, -15566
 -8557, -12165
 12512,   9544
 -4527,  -6436
  6725,  -9843
  7814,  -4185
 -7600, -10805
 10106,  16055
-10069,  -5040
 -7424,  -1955
 -7196,  15007
 -5910,  13153
-10207,  -3578
  4585,   6873
 -8018, -11399
  4740,   9500
 10044,   6761
-15519,   9253
 -1445,   6747
  9740,   1216
  9577,  12360
 -7508, -10673
  4308,   9831
-15535,   6885
 -7062,   1164
 -9975,  -1480
 -9088, -12920
 15523,   7350
 15510, -10033
  1505,  13070
 -8858, -12592
-12563,  -9882
 15082,  10127
 -9644,  -1126
  4383,   4077
 -4257,  -1693
 -7041,   1456
 -9954,   6782
 15394,  -6585
 -9507,  -3823
 15321,   9303
 -5658,  -8044
 15015,   2227
 -9344, -13284
  2988,  14996
 -7347,    817
 -7195, -10229
  4072,   1482
 -2127,  12534
  4240,   -792
 13026,  -6919
 10158,  12843
-16003,   4080
 -9214, -13099
 12643,  -7245
 -8325, -11835
 -9154, -13014
-12877,   4468
 -1418,  13089
  4309,   1201
 -9218, -13104
  1731,  12822
 -8577, -12194
 -7908, -11242
 -9828, -13971
-12290,   1204
 -8983, -12771
 -9465,  12480
 -6247,  -8881
 -7246, -10301
  7094,  -1206
  -837,   1507
 -8319, -11827
 10183,  15205
  1243,   7120
 -4177,  13146
 -9200, -13079
-12759,  -7978
  6564,  10264
  3428,  15894
  7429,  10123
 13140,   4341
 -7651,   6954
 -9293, -13212
 -7374, -10483
 -7475, -10627
-15163,  -1519
  4246,  12529
 -2536,  -3604
 -7678, -10916
 -7065,   9548
 -1135,  -1369
  4119,   1792
 -9654,   3767
-10357,   6698
-12270,   6801
 -1182,   6469
 -3968,  14823
 -1775,  10046
 -1168,  -1660
-10016,  -2205
 -6604,  -4112
 14724,   1862
-15542,  -4360
 -7125,  15016
 -9707,   1592
 -9647,  12175
-10546,  12788
-15994,   9660
-12664,   1399
-12747,  -1941
-12956,   6415
 -8366, -11893
  6652,  10410
-15474, -11030
 -6858,  -7821
  1110,  15146
 -1729,   7036
 -6923,  11993
-12462,  -1258
 -1165,  15700
  6792,   1192
 -4681,   6654
 -3967,   5639
 -9905,  11927
 -9107,  12947
 -7448,  10589
  1842, -12965
 -1254,   1782
-15360,  -7511
 -4789,  -4487
  3879,  -7252
-10355,   4518
 -6117,   8695
  9741,  -9246
  9901,  -9479
 -9054,  12872
  4400,  -6669
 -7646,   9263
 -6454,   9175
 10125, -13151
 -9154,  13014
-12842,  -1515
-15004,   9206
 -4568,   6493
 -9887,   4055
  -952, -12913
  2156, -12314
 -2533,   3600
-15467,  -4331
-13051,   4371
  7176,   1285
 -6195,   8807
 15479,  -7236
-12506,  -1596
-15524,   9127
 -9931,  12081
 -6326,   8993
 -8726,  12406
  9496, -15692
 -6924,   9843
 -9075,  12901
 -3986,   5666
 -4142,   5888
 15434,  -3966
 12254,   1402
 -4579, -15012
 -4199,  -9838
 -9261,  13166
-12432,   1200
 13024,  -1339
 -9780,  -4659
-10379,  14756
-10518,  14953
 10001, -12186
 -2712,   3854
 10158,  -9753
 -9871,   1401
 -9034,  12843
 -3387,   4814
  6464,  -9532
 -1564, -15280
 -7894,  11222
 13128,  -4170
 16138, -10256
 13248,  -7532
 -3705,  -3125
 -6595,   9376
  -735, -15313
  7619,  -6784
 -1595, -10162
  7298,   4435
-12305,  -4463
-15560,   9586
  9856,  -4258
-10216,   1379
 -1012,   1437
-10030,   1088
 -4440,  -4299
-12567,   9979
 -9229,  13120
  4432, -12269
-10442,  14845
  1857,  -6693
-15054,  -1354
 -6796,   6885
 -1213, -15477
 -7370,  -4561
 13003,   1715
 -3631,   5161
  7618,  -9801
  4331,  -9932
 -2655,   3774
 15879,  -4205
-15403,  -2021
  5143, -15220
  7869, -12448
-12789,  -1453
 -5472,   7779
  4643,  -7121
  9993,  -9464
 15315,  -9568
-15630,  -7394
 -9678,  13760
 -9134,   4453
  6334,  -1135
 -8631,  12271
-10701,  15213
 -1021, -15179
 15496,  -9361
 -9016,  12818
  4614,   2009
  4192,  -7100
 -6403,   9103
 -7310,   7724
 -6055,   8608
 -4853, -12655
 -1567,   1199
 -9311,  13237
 15509,   1419
 -1267,  -4344
 -1352,  -6703
  9948,  -9797
 12115,   7124
 -5575,   7925
  4358,   4201
 -7642,  10865
  7156,   6741
 -6204,   8820
 -2105,  -8149
  3950,   5166
 -6888,   9132
 -9802,   1037
  4086,   7181
-15283,   1162
 -6010,   8544
-12648,   6896
-10086,  14339
-12850,  -7372
-12739,   1200
 10329,  -9551
  1863, -12874
-10366, -13004
  1388,  -3840
 -6354,   6946
 -9962,   9563
 -4624,  -2084
 11717, -14781
 17574,   5739
 -4131,   1811
 12879,   4250
  7691, -10208
 -9069,  12893
 -9349, -10087
 -1877,  -4022
 -4010,   5699
  7156,  -4452
-12760,  -4188
-15446,   7576
  6988,  -3829
  1289,  -1818
 15374,  -7164
 -6844,  -4159
  1228,  -3956
 -9716,  13813
  3805,  15600
  9844,  -9746
 -9637,  -4655
 16202,  -3425
 -9715, -16124
 -4064,   5777
  1939, -15205
-12712,  -4898
 -7685,  10925
  6976,  -4240
  4481,  -7058
 12279,  -1438
 -9471,   4443
  9705,  -4692
-15737,  -7144
-10210,   1155
 15743,   1520
  1097,   9492
  6607,  -4361
  6584,   4266
  6330,   5045
 -3386, -12552
  -380, -12838
  3601,  12469
   961,  14909
  9608,   4304
 -8539,  -4340
  9865, -13974
 14339,   4675
  1827,  -1323
-13131,   1019
 -7046,  -7030
 -3914,  -4120
 11993,  -8703
-11850,  -6599
-14854,   7089
-15235,  10186
 -4332,   6158
 -6597,  -9855
 -9171,   4086
-11976,  -1506
 -9632, -10464
  4875,  -9587
  4746, -12504
  9393,   9474
  1342,  -9070
 -6949,   3897
  9476,   4367
 -9623,  -1583
 -3836,   1365
  9413,   3789
 14808,   7060
 -9571,   9498
  6885,   1356
  9593, -15049
  9180, -15305
 -9539,  13561
-12611,  -3879
 -9169,  13035
-10430,  14828
 10281,  -6314
 12866,   1742
 -1763,  15107
-15851,   1725
 -7066,   1666
-10482,  14902
 15425,  -7053
 -4517,  -7128
 -9986,  -3945
-10052,  -3923
 -1610, -12894
 -4478,  15439
  7230, -13112
-15416,  -1597
  4153,  -7153
  6934,   4084
 -6721,  -1122
-15087, -11180
 10182, -12065
  1163,   7060
 -6977,   3849
 11982,   7039
 10082,  -5711
 15801,   4682
  6775,  16408
-10141,  -4413
 -9670,   1105
-12801,  -1216
 12993,   6585
 -4718,   6706
   920,  -1651
  6462,  -4287
-13218,   9241
-15051,  -7504
 -2057,  16058
 -3717, -12911
 -9191, -10148
  9505,   7186
 -3883,  -4474
-15450,    849
 -7280,   9776
 -4227, -15117
 -6980,  -9942
  4247,  -7143
 15431,   9814
  7232,  -7228
 -1306, -10290
 12687,  -3897
 10182,  -9762
  4043, -11978
-14633,   9032
   800,   9688
 -3772,  -9547
-12726,   3542
  4026,   9957
  4747, -15545
  1285,  -4566
 -6990,  11969
  6742,   7243
  1065,   9990
 15796,  -4456
  3852,   1185
 -7287,    557
  4840, -15040
  9982,  -3767
  9967,   1674
  4018,  12484
  3737,  12388
 -9515, -12932
  9443,   7433
 -9560,  -9842
 15625,  -4131
-13340,   4191
-12620,   1649
 -1494,  10117
 -4375,   6686
-10005,   3740
     0,      0
     0,      0
     0,      0
 -5977, -15389
 -7153,   1130
 -7129,   7029
  1398,  -4450
 15309,   7276
  4478,  -4651
-15524,  -9940
 -7455,   1417
  7194,   1146
 -7082,   6685
 -4107,   1375
 -1040, -15382
  9386,  12493
-15261,   7360
 -9824,  -1109
  1349,  10021
 -4272,  -4005
  7151,   9927
  4427,   1672
 13164,  11365
 10827, -12808
 15512,  -6557
 -6783, -12038
  9245,   9892
 -1075,  -6579
-12352,  -4543
  9645,  -1084
  3684,  12779
 12822,   6734
 12401,   4319
 -1305, -14806
  3826,   9370
  1301,  15046
-15575,   3711
  9481, -15322
 15102,   6868
 -7592,  10172
 -4557,  13129
 -1630, -15917
   982,  -6373
 14843,  10259
 -3582,  -9400
  1376,  12498
  6323,   1529
 -6860,  15506
  1470,   4051
  9597,  -7204
  1919, -10135
-13044,   3896
  4546,  -9307
  1887, -10248
-14426,  -7186
 -4362,   6466
  4310,   1422
  6317,  15605
  6597,  15556
 -1261,  -9673
  1265,  -7066
 -6970,   9711
 -6672,   6748
  -899,   4392
 13250,  -1650
 10079,   4257
 16078,  -4669
 -1524,   7348
 16024,  10328
 -4143, -15455
-16764,   9926
-12905,   1335
 -6933,  14553
  4096,   6630
 14989,  -9557
 -7090,  -4547
 13118,   4625
  9937,   7011
 -1157,  -9343
  7175,  -9691
 -9633, -12824
  6967,  -9925
 -3974,  -1735
 -2662,  -3784
 10137,  -7181
-12864,   6894
 -4013,   1306
 -6573,  -4425
  4895, -12266
  3466,  12323
 -1528,  16000
   942,  15075
 -9830, -12517
 -4313,   4355
  3862,  -9923
-15611,  -3594
  6836,   9667
 -7375, -10485
 -1144, -12440
 12439,  -3988
  6974, -11842
 -7412, -10537
  5179, -15166
 -7526,  12131
 -7171,  11728
  1492,  -9760
 -4678,  15397
-14998,  -1799
 -9981, -14190
  3891,  -7267
 15603,   7358
 12935,   4746
  1120,  12844
 -4570,   7345
 -8703, -12372
-12097,    943
 -1572,  12426
  6914, -10136
 -9363, -13311
 -7517,   4264
 -4213,  -5988
  1442,   9431
 -9163, -13027
 -1741,   1337
  1389,   9919
 10023,   1065
 -9779,  -9991
  7560,   9992
  -806,   9479
  7153,    712
  -791,   2073
  -132,  10324
 -7589,  11973
 -1363,  -1555
  3757,  15508
 12572,   6480
  1358,  -1219
  9502,  12470
 -4198,  -5968
-15217,  -7703
  6981, -12838
  1007,  12979
  4409,   4358
 10034,  -7016
 -1631,   4029
 12449,   4535
  9875,  -6898
  7127,  -9766
-15608,   6415
 -7554, -10739
 -9402,   1420
 -9405,  -7100
 -2512,  -3571
 -5246,  15634
-10191,   3509
 -4299,  -6111
 -9851, -14005
  7005, -12365
 -5733,  -8150
 -7490,  12705
 -5040,  -7165
 -6622,  -9415
-10892, -15485
 10228,   3819
-13479,  10018
  1220,  -1149
 10002,  -6335
-12724,   6644
 -9691,   3824
-12658,  -1567
  7073,  15521
-15622,   3112
   927,  12192
  6834,  -1200
 14975,   9924
 -9513, -10263
 -9504, -12776
  1673,   -969
 -6106,  -8680
 -4373,  12385
 -4105,  -1539
 15584,  -1360
  1835,  15367
  3464,   9863
-15456,  10163
 -9160, -13023
 11830,   6931
 -1408,  11668
  9288,   1283
-10331, -14687
 -9928, -14114
  1532,   6990
-10422,   6688
 -4399,  12707
 15702,  -7068
  4156,   4342
 -3989,  -4456
  4283,    939
-13446,  10090
  9990,  10485
-10685, -15190
 15871,  -6425
 -9461,  -4900
 -9990,   9278
-10974,   2064
 -9314,   8121
-10935, -12865
 -3730,  10680
 10464,    876
-16213,  -3473
 -9355, -10133
 14964,   1816
-12663,   1689
 -5027,  12515
 -7486,   4026
 -2247,  15762
 16160,   7031
-15739,   4269
 12630,  -4635
 -6139,  -8728
 -8851, -12583
  9588,   4513
 -4893,  -6956
 -7302,  -1702
 -1404,  10068
 -6742,   4349
 -1569,   9775
 -9072,  -3918
 -9118,   3690
-12184,  -4345
 -4375,  -6219
 -4580,  -4060
-15456,  -9737
-15566,  -9967
 -9898,  -4279
 15332,  -1481
 -6738,  14997
 12806,  -3699
-12636,   6921
 -4614,  -6559
-10075, -14324
-10891, -15484
-13128,  -9583
  1333,   1227
  1176,   7167
 -9684,  -6871
  4243,  12489
-12560,  -1393
 15252,  -6595
 -1120,   9499
 -6753,  -9600
  1662,   6782
 -7327,  12308
-12653,  -4343
 15567,  -1414
  1394,   4521
  9641,  12899
 -9926,  -1422
 -4677,  -6649
 -7957, -11312
   760,  15265
 15239,   1749
-10177,   8887
  6410,  12464
  4510,   4777
 10736,   4241
  7226,  10654
-10083,  12677
-10547,  12525
 -4641,  15887
  2470,  13046
-10135,   1336
 -3291,   5778
  9331,   -649
 -1506,  -1511
 -4190,   3837
 -4115,   4328
-12934,   7124
  9440,  12659
 -9776,   7407
 15856,   6047
 13052,   8897
 -6964,  -9901
  6431,   6986
 -4284,  12606
 -6999,   8001
  5167,  15906
 10945,   9896
 -9756,  -4214
 -9192, -13068
 -7079,   4013
 -7125,   3790
 -6727,  -4159
 -6916,  -1473
 -4731,  12785
 -7187,  12449
  9832,   6607
 -2479,  -3524
 15602,   4858
 -3579,  -5087
-13239,   5711
-10338,    722
  8057,  -6329
  9749,    790
 -6913,  -6865
 -8308,  15907
-15420,  -6971
 -8791,  12498
 15570,  -9643
 -9265,  13171
 -9679,  -4172
-15357,  -4187
-10149,  14429
  7283, -15172
 -3924,   5578
 -9292, -12981
 -6846,   9733
-14747,  -4567
 -6128,   8711
-13070,   7089
 -8048,  11441
 -4326,  -7075
 -9109,  12950
 -7763,  11036
 12215,   1955
 -9828,  -4411
-12757,   7039
-15066,  -1515
 -7470,  10620
  4354,  -7075
  6999,  -9200
 -8984, -12451
 -2602,   3698
  -820, -13260
 10435, -14950
 -6891,   9797
  1589,  -4151
  7047, -11893
  1548,  -6622
 -1331, -12385
 -1067,  -9966
 -7378,  10488
  7562,  -9844
 15859,  -3627
 -8337,  11852
 -5496,   7813
 -6964,   9900
 -6775,   6419
 -6246, -12395
  4074,  -1214
 -8864,  12602
  9845,   4265
 -8858,  12593
 -3608, -15296
 15292,   1239
  4314,   1233
-10285, -12308
  6954,   2034
 -4620,   3985
 -8308,  11810
-16193,   2976
  2202, -10249
 16840,  -9277
 -7670,  10904
 -9459,  -7342
 -9052,  12870
 -7097,  -1241
 -2397,   3407
 -4458,   4395
-10688,  -3760
 -7271,   4567
 13637,   3500
 13146,  -7026
 -6771,   9588
 -9866,  -4168
-16263,   9226
  4587, -12415
 -1254,   1516
 -7216,  10259
 15798,   3713
 12747,  -1846
 -2467,   3506
  6944, -15924
 -5917,   8411
 -1264,   1109
  7173,  -1533
 -1124,   1597
 12815,  -4311
 -9407,  -7318
-10187,  10030
 -9994,   6805
 -8748,  12436
 -6665, -10151
  6864,  -9820
  1034, -15486
  3896,  -9741
 -7150,   4397
 -4721,   6711
  7235,  -2552
  9139,  -1185
 14892,  -2011
 -8265,  11750
 -4638,   6593
  6822,   1728
 12726,   1510
 -6798,  -7600
 10298, -10004
-10654,  15147
 -6717,  -9317
  9646, -15168
 -1487, -14759
  9943,   6584
 -3929, -12385
 -7029,   9915
  6919,  -1297
  6898, -15771
 -5591,   7948
  9792, -15637
 -4485,   6375
  4680,   4134
-15427,   1298
 10083, -14867
  3967,  -4327
  4727,  -7029
 10064,   4770
-15743,   4207
 -7493,  -9958
  4258,   1507
 -6955,  -9997
  8946,  13999
-13528,   9628
-13754,   9473
  7238, -15742
 -4008,   5697
  4240,  -1446
 -6432,   1682
 15049,  -9154
 -3224,   3919
 -9061,  12882
 10058,   1217
 -2596,   3690
 -2532,   3599
-10737,   9889
  4457,  -1368
-15461,  -1356
  7127, -12869
 -7408,  -7145
 10107,  -4398
  4346,  10470
 16035,   1331
  8666,   4233
 -7982,  11347
 -3806,   1348
  3747,   7452
  9230,  13127
 -4020,  -1469
  9943, -12231
 -1038,  -6767
 -8048,  11441
 -8336,  11851
 -9706,  -9671
 -3880, -15433
 10505,   4309
 -4413,  -7010
 -4794, -16026
  9361,   8602
 -4174,  -9038
 -9962, -14238
-10003,  14222
 15932,   -263
 -7769,    801
 15775,   7573
  6778,  15465
 12381,  10250
 12934,  -9849
  9699,  10212
 -7418,   4358
 -8226,  11694
 15521,   4168
 -1668,  -4461
 12341,   4245
 -8888,  12636
 15287,   4599
 -7067,  -1172
 -6658,  -4328
 10241,  -3852
 -2957, -12177
-14315,  -2429
 12191,  -3100
  7081,  -9687
-15428,   4390
  1253,   6852
 -9548,   3325
  8132,  15119
 -6523,  -4327
 15770,  -3643
 -1290,  -1756
 -9078,  12905
-10418,   6765
  1569,   4280
-12966,  -1696
  9725,   4280
  9687,   9467
  6628,  -4226
 -9583, -13562
 10344, -15622
  7451,  -4286
  4184,  -4109
 -8310,  11814
  7095,   -815
  6501,  11407
 -9432,  -4187
 -3698,   4105
-10946,  15561
 -4212,  -4330
 10313,  -1502
 -6498,  -9613
 -6728,  -3873
 -1883,  -3957
  6312,  -6678
  9528,  15059
  6866,  -3697
-10223,  -2674
-16794,   2071
-17854,   8832
 15630,  -6871
  1610,  15491
  4231,   1960
  2528, -13300
-16907,   2727
  2870,  16351
 -1273, -13233
 13521,  -4496
  6412, -15859
 -9422,  -9935
 12407,   9890
  1406, -15301
-12807,  -5837
 -9587,  12618
-10156,  -6606
-12760, -10245
 12922,  -6998
 -1596,  12282
  6703,   6917
  7299,  -9594
 -1002,  15348
  4421,  -1314
-15964,  -4365
  4378,   1273
 13343,   9200
 -9606,  12755
 -9368,  10208
 12552,  -4041
 -9675,   9688
 12111,   9893
  6632,  15691
  6377,  -6897
  4174, -10221
 12818,  -4034
 -3553,  -7265
  6907,   -794
 -1954,   9440
  1658,  -4070
 -4731,  12304
  1505,  -1101
 15427,  -1251
-12601,   1221
 -4284, -10187
 -7055,  -6804
  4701,  15851
 10084,   4128
 12438,   6618
-12660,  -9657
 10208,  -4334
  1229,  -9784
 13076,  -4337
 -1748,   7150
  6815,  12705
-15230,  -4609
  9283, -10173
 10520,   6638
   670,  -7027
-12359,  -1453
  1190,  12428
 12605,   9598
 13297,  -9697
 -9974,   6686
 16135,   -384
  7793, -11839
 -4234,  12765
  9820,   -800
  1358,  15512
 -4182, -15897
 -9753,   9939
-15310,  -4721
  9856,   7322
 15395,   4395
-15725,  -4176
  -982,  10163
  1627,   1406
 12666,  -4528
  4070, -15763
 15461,  -3811
