11, -4
0, -23
-5, -7
9, 0
4, 9
-12, 2
-10, 2
3, 18
-10, 19
-1, -12
-16, 8
9, 22
-34, 21
-36, 24
0, 14
-10, 5
5, -20
18, -17
0, 13
9, -28
20, 4
-26, -9
2, -22
12, 6
-9, -26
10, 7
1, 9
1, 2
17, -19
-24, -11
9, -15
0, -33
11, -9
21, -13
-2, -50
-10, -5
21, -3
-4, 10
38, 0
4, 31
0, -6
-32, -22
-33, 23
-36, -18
-11, -6
9, -34
-16, -23
-5, 21
2, -26
0, -9
19, 23
-10, -15
-21, -13
48, 1
12, -7
-4, -19
44, 4
-42, -28
3, 38
10, -21
10, 6
14, 12
-8, 2
12, 22
-20, -21
41, -6
-57, -42
-24, -36
-7, -7
31, 3
18, -15
24, 7
16, 8
-34, -7
-34, -34
10, -13
-23, 0
10, -35
1, -22
-18, -10
1, 13
4, -21
4, 1
-4, -6
-22, -20
5, 9
0, -3
-6, -31
-7, -15
-13, -33
9, 21
18, 8
0, 2
15, 2
-20, -3
-7, -50
-23, -21
5, -15
-2, -4
30, 7
4, -3
21, 3
18, -17
3, -15
32, 3
-11, 13
-4, 28
-24, -14
-7, 14
0, -20
-16, -5
653, 360
-1175, 319
109, -992
-480, 772
738, -203
-53, -1133
199, -532
332, 896
-204, 1120
-1086, -451
548, -142
90, 1122
27, -993
695, 295
35, -398
441, 840
1171, -141
291, 413
-11, -154
-703, 328
-985, -289
-829, 445
283, 413
-533, 713
140, 287
-37, -433
882, 401
-579, -677
-637, -673
-193, -570
-620, -938
-762, -214
397, -336
-199, 724
541, 1049
-745, 780
569, -236
-796, 544
-755, 821
-834, 242
-1090, 283
681, -381
855, 26
-369, 371
-281, -809
68, 410
646, -389
-432, 45
383, -377
298, 78
35, 866
-691, 879
-354, 360
-1025, -57
120, 1114
848, -68
-45, -107
1210, 116
-1015, -472
-636, 918
-343, 827
574, -5
618, 1156
-1293, 86
-791, 382
689, -629
61, -1223
466, -783
-139, -820
-793, -536
-455, -119
235, -1112
-428, -270
115, -905
-633, 678
-368, 165
290, -435
304, 24
700, 632
207, -668
616, -725
-279, 389
-543, 548
267, 624
-1062, 298
1281, -240
1256, -293
742, -58
-556, -570
391, -800
431, 870
-247, -184
-54, -775
-778, 54
803, -258
879, -448
155, -880
-948, -616
1119, 2
-223, 1088
705, 80
-799, 312
-784, 941
-577, -437
-15, -1135
-906, 876
-662, 753
-719, 946
-45, 692
-321, 40
84, -720
-425, 645
455, -816
416, -630
-381, -586
585, 624
-659, 812
454, 181
-809, 567
-831, -632
253, -1072
-1021, -632
446, -1067
-813, 979
-985, 582
-511, 46
638, 409
-164, 686
281, 142
835, 409
481, 164
-87, -99
-1137, 606
-45, -705
-416, -1129
-144, 504
-893, 465
-153, 1106
93, 502
344, -458
502, -273
893, -61
-547, 1101
-105, 487
709, -1124
-104, -895
86, 702
-301, 315
719, 308
-915, 688
509, -676
-701, -672
446, -516
-889, 537
504, 53
145, 321
-839, 764
548, 866
-801, -1044
-1040, 597
759, 418
-262, 525
281, -160
172, -1150
769, 631
-22, -692
148, 297
357, -1158
478, -161
1091, -89
-488, -1038
772, -851
-537, -35
186, -728
-937, -132
-1151, -71
-142, 923
-334, 0
997, -674
-142, 947
-7, 469
361, -801
1104, -145
14, 510
627, 391
-628, -356
37, -1116
719, -900
-128, -903
-1048, 397
-552, -763
-849, 992
-221, -1057
821, -384
-702, 752
532, -485
646, -312
-1012, -839
583, 746
-991, -605
338, 10
-813, -248
-9, -956
-133, -56
-580, -749
-30, 735
348, -477
960, -45
-94, -921
262, 876
373, 628
-10, -328
-291, 1107
-942, 545
571, 525
956, -558
-877, 707
-1026, -510
239, -1123
-405, 282
-45, 593
1300, 109
-683, -237
-29, 1026
-127, -467
-98, 407
962, 741
142, 482
410, 120
176, -701
-766, -351
-723, 547
585, -698
160, 39
298, 641
-812, 374
-32, 1317
-35, 897
-690, -145
-55, 146
508, -483
-910, -490
-1285, 13
-195, -1191
609, -311
408, 761
1079, 320
-550, -213
328, -1077
-313, 1091
-907, 589
108, -984
-293, -1190
1234, 421
-52, 399
396, 326
-326, -592
11, 1151
-586, 65
-495, -781
-256, -486
1274, 358
399, 607
-27, 684
-701, 510
608, -971
222, 1297
830, 173
949, 314
569, -400
-279, 461
-868, 415
858, 434
126, -576
-700, 18
-1161, -421
547, -448
397, -867
-362, 1145
-986, 31
-57, -458
235, -712
406, -316
-961, 336
548, -438
455, 521
672, -351
222, 1097
221, -723
497, 499
-172, 1034
-942, 423
676, 911
-554, -1037
-565, -1080
-427, -964
-615, -320
933, -402
643, -389
557, -950
-152, 709
185, 951
153, -761
-699, -805
1186, 194
-1101, 345
509, -275
-176, 1184
452, -552
66, -295
553, 430
845, -776
-745, 622
960, 202
244, -223
766, -343
71, 861
489, 164
-276, -923
350, -841
62, 568
-546, -878
-403, -323
933, 601
-223, -241
-122, 495
-1027, 49
-657, -1127
125, -939
412, -591
714, 1134
-1036, 117
-458, 778
-14, 772
28, -307
-842, -298
-827, 211
-888, 816
784, -174
-852, 219
-154, 690
544, -80
629, 344
497, 95
167, -707
452, -368
-323, 626
250, 839
130, -707
837, 368
-1236, 324
227, 820
877, -468
358, -224
-791, 911
1220, -378
-204, -986
961, 570
-817, 310
107, -95
760, -957
1238, -442
-47, 725
546, -1023
-106, 892
-945, 122
-917, 917
636, 229
127, -1079
-896, -244
-890, -71
-779, -643
-47, -314
1073, 87
-1058, -281
1098, 287
-713, 205
-659, 1043
581, -437
505, -37
995, -599
-86, -110
193, 753
-974, 629
-395, -966
-257, -301
-314, -115
162, -669
451, 742
-251, -914
-784, 1017
-306, 292
758, -1045
380, -675
269, 1121
-481, -713
296, -327
472, 488
-886, -519
-720, 1082
891, 708
-725, 1086
-1064, 706
-125, -877
-93, 490
1114, -370
531, 1108
335, 897
120, 305
671, -314
457, -533
322, 94
-180, -1081
-974, -636
-114, -86
-662, 363
947, 404
1040, -794
845, -580
-1172, -368
-365, 1144
-234, -1084
-264, -1072
-281, 103
41, -489
667, -214
-836, 606
-1063, 264
-948, -132
421, 636
834, -454
-515, -1022
-1189, -473
872, 964
-248, -681
1159, 76
-1029, 503
-1225, -437
399, 414
-1048, 342
348, -618
-798, 514
-1096, 172
329, -803
66, -951
250, -182
707, -90
38, -131
1173, 179
-431, -406
723, 107
-811, -270
-426, 866
-130, -54
662, -320
0, 330
755, -565
421, -911
943, -643
65, 501
-454, -361
93, -598
-634, 783
186, -882
-334, 1112
-138, -81
1031, 110
-238, 196
-332, 454
-1083, -711
-848, -199
-686, -882
-127, -962
795, -936
905, 334
-839, 744
154, -878
171, 469
-48, -729
-211, 1151
947, 712
689, 642
559, -863
-728, 521
-550, -24
606, -1168
585, 9
751, -564
163, -1166
112, 771
499, 999
-539, 456
-217, -178
-761, -603
-623, -421
-957, -266
-654, -432
71, -1139
-209, 227
296, 935
-54, 424
-787, -856
723, 132
-8, 148
-282, -934
608, -30
-714, 186
-1025, -580
389, -662
-786, 785
-927, -659
1037, -454
-272, -422
-356, -895
-1111, 19
-237, 1123
7, 174
-585, 376
-38, 705
-144, 18
747, -257
-452, 570
-801, -483
-531, -724
-22, 961
-141, 274
701, 1
240, 712
860, -417
570, 712
-1128, 126
1128, 146
-312, -434
297, -158
728, 511
432, -283
557, -730
1035, 535
653, -898
526, -749
212, -1043
1330, 184
-971, 350
574, 353
76, 406
-1240, 377
560, -193
312, 1073
-904, -324
1029, 401
388, -323
221, 520
649, 639
-23, -127
607, -938
-1021, -110
425, -803
842, -278
495, -984
-711, 130
258, 527
1174, 171
437, -810
899, -487
779, 820
-1219, -157
806, 404
-105, 750
754, 120
-512, 1020
-515, -892
-32, 329
-1308, 96
-179, 462
285, 536
557, 430
66, -786
516, -742
63, -753
-45, -1050
-741, -929
-816, 126
132, -46
484, 163
567, -930
-83, -574
-465, 770
-945, -528
1111, 158
943, 559
352, 502
767, 21
630, -747
897, 282
441, -781
303, 1057
489, -976
-553, 529
1148, 94
-120, 495
741, -492
-460, 960
170, 540
681, 128
854, 200
-118, -561
-510, -71
-744, 53
-519, 593
350, -835
171, -236
1098, 223
-797, 301
-36, -298
305, -835
178, -1119
201, -447
-140, 885
-175, -526
516, 859
218, -474
52, 1120
-164, 1104
1068, 301
-224, -330
771, 655
120, -107
-323, -991
-435, 641
-212, 682
-994, -669
437, -1013
366, -235
-617, -574
-981, -840
-188, 662
943, -220
-1033, -444
332, -55
-32, -513
-327, 81
279, 522
-86, -294
94, -103
-409, -730
85, -85
1153, -618
-929, 633
166, -1115
-752, 855
-1099, -353
-899, -316
-284, -707
-319, 690
886, 708
1118, -492
923, -512
-290, -320
503, -75
303, 1101
-703, -869
894, -154
522, 847
1097, 466
-658, 528
518, 1093
-25, 1071
691, 96
-58, 521
-616, 1119
1096, 44
-119, -689
-1048, 610
-271, 143
-332, -287
1131, 389
1056, -248
1024, -614
-803, -783
888, -6
-75, -1130
-394, 793
105, 100
658, 972
476, -380
-1180, -302
-1150, -128
110, 67
-448, 409
453, 814
-833, -716
908, 944
-1220, -420
1014, -519
99, 890
-174, -290
909, -933
552, 962
-821, 543
386, 1039
223, -1042
400, 1034
815, 304
194, 280
-18, 946
1, -345
204, -405
564, 749
822, 893
487, -58
202, -365
-451, -997
212, 876
-43, 117
-443, -982
-700, -508
-674, -301
70, -1221
257, 847
-84, -511
883, -245
709, -173
619, -813
413, -279
419, -321
-944, 549
-1117, 192
-570, -516
737, 902
695, -654
700, -188
376, -329
-1091, -660
-27, 605
-83, -763
-121, 1296
719, 669
-81, -755
144, 923
667, -686
-166, -932
-210, -964
-148, -37
129, 27
89, -436
-19, 163
-488, -538
-142, -20
-134, 1150
573, 699
-323, -648
-669, -158
-181, 249
860, -700
-767, 130
-9, 143
-891, 289
-1100, -346
-1036, -332
-1039, 435
476, 528
-332, -616
276, 913
1239, 443
-198, 284
552, -1078
-12, 1152
-1107, -247
-242, -439
327, -943
-645, -604
-194, -966
-172, -719
-740, 233
-700, 219
-981, -617
-701, -39
432, 582
695, 892
842, -701
153, -298
-978, -602
-1170, 386
969, 6
-310, 1256
834, -701
-734, 311
-289, -981
-282, 1296
420, 282
-313, -983
-549, 464
-256, 715
-1138, 494
876, 389
-680, -251
418, -292
-733, -231
914, -642
-903, -343
620, 634
-25, -23
2, 16
2, 10
13, 12
-13, -39
9, 2
-33, 3
-22, -12
0, -9
-24, 25
-9, 1
1, -32
17, 14
5, 17
-3, 4
7, 13
25, -15
7, 4
15, -15
-3, -15
9, -1
15, -5
-12, 7
-11, 20
-8, -14
15, 16
-31, 39
-13, 5
21, -22
7, -20
-7, -24
-19, -5
20, 1
7, 24
-11, 6
-2, 14
1, 20
-4, -6
-19, -25
14, -5
-4, 18
22, 19
-9, 28
5, -12
-20, 8
0, -4
-19, 3
0, -25
15, 22
42, -29
-43, -15
-27, -12
6, 37
22, -13
-19, 8
-7, 12
13, 15
-22, 32
-2, 5
-15, 15
28, -19
3, -17
-27, -2
-4, 44
-35, -16
3, -7
-16, -2
1, 26
13, 22
18, 7
15, -12
-3, -1
24, -10
0, 4
8, 3
-7, -6
-29, 38
-22, 4
-17, 1
-35, 15
16, 10
12, -12
-2, -11
-7, -17
-26, -6
-14, -11
-20, 10
35, -2
2, -8
11, 4
9, 4
-35, 19
17, 13
14, 10
-7, 10
-6, -6
-16, 18
-23, 6
-4, 19
-14, 8
-1, -4
1, 1
-4, -28
12, -2
3, 3
-21, 29
9, 19
26, -1
-19, 6
-14, -13
17, -17
5, -5
2, -11
-17, -29
2, -15
15, -4
13, -10
5, -4
-7, -25
29, -7
7, 15
44, 11
24, -27
-20, -2
-8, 4
2, 24
-10, -18
31, 5
-14, -28
12, 8
-2, 0
7, 34
-29, 6
-16, 5
-14, 17
-5, 18
-10, 10
-17, 32
-13, 9
11, 30
-12, 22
39, 0
21, -17
1, -18
-1, 26
6, -29
8, 2
-13, 18
10, 9
1, -12
-41, -9
25, -12
-5, -11
23, -4
-23, 26
-7, -5
-1, -6
-14, 22
-6, 4
-16, 21
3, 12
31, 39
-34, 4
21, -32
19, -11
-4, -5
-24, 27
6, -34
11, -37
17, -7
8, -7
-7, -42
-8, -7
-8, 4
-6, -7
12, 4
19, 21
5, 56
8, -29
-23, 27
12, -1
-24, -24
-11, -8
-35, -6
-18, 11
-18, -7
10, -14
12, -55
-8, 16
-11, -30
-38, -1
-1, -5
40, 21
3, 20
-7, -11
-19, 6
0, -3
19, 23
-29, 42
-12, -51
-14, -17
-14, 11
10, 21
3, 8
9, -37
-12, 10
2, 1
-8, -4
-10, -2
-4, 7
-22, 5
12, 6
-24, -7
-14, 1
17, -12
8, -23
27, -15
-49, -18
5, -16
-8, 9
44, -11
16, -5
-11, -30
-64, 969
1164, -30
-956, -373
-447, 526
-120, -282
1101, 216
-710, 240
150, -566
-37, -1115
-469, 297
592, -396
-310, 1006
-711, -301
420, -546
161, -839
1011, -561
834, 136
-33, 436
260, -727
-993, -547
984, -32
677, -589
306, -145
-406, 585
-600, -692
239, -165
152, 581
-611, -702
-624, -944
-611, -685
-143, 313
-662, -915
1047, 490
591, 374
-1024, 88
-549, 172
-605, 930
-237, -809
232, 537
391, -73
-136, 27
408, -337
-1137, 17
-588, -64
-866, 6
-632, -321
-1061, 610
878, -744
-1017, 650
1065, 385
-90, -1151
-818, -403
-429, -664
179, 702
-663, 843
822, -762
36, 1322
-652, -256
126, -1192
8, 1013
-1118, 594
-22, 995
1131, 271
-248, 206
-836, 559
1079, -199
-295, 387
963, -308
-933, 741
225, 632
507, -328
-1310, 164
-583, 501
158, 1315
-37, -1032
1121, 194
-273, -24
-219, 285
-855, -698
-226, -191
192, -677
700, 635
-489, -738
634, -717
-541, 547
34, 760
-1130, -112
50, 134
-588, 753
-17, 303
-16, 965
-753, 45
506, -550
688, -496
-996, 203
-87, -747
-349, -624
-881, -166
202, 376
243, -1114
534, 676
-885, -949
-51, -963
277, -640
-962, 67
-107, 67
-1233, 453
218, 1188
457, 247
-447, -1226
817, -538
918, -108
-843, 568
42, -692
-86, -115
-699, -33
-768, -661
25, -500
469, -1070
362, -231
487, 184
-763, 380
-1065, -260
62, 93
-1010, -655
997, -602
197, -912
-293, 64
408, -1052
-763, 410
-115, 283
-676, -183
-782, 1029
-442, -958
436, 928
895, 155
-1129, 255
-95, 129
740, -443
-493, -505
-499, 95
-99, -114
89, -708
-906, -494
705, 309
674, -522
-919, -84
-519, -1069
-75, 696
1110, 62
503, 494
54, -913
1030, -772
-300, 315
-347, -681
83, -310
948, 244
-264, 336
1076, -417
-336, -287
522, 27
-587, -827
209, 1098
219, -930
-101, -94
-641, 740
-588, -824
-391, -660
1103, -48
3, 500
682, -202
-379, 781
-227, -645
-162, -476
-142, -272
620, 595
-705, -994
-79, 1137
-683, 30
368, -771
9, 504
-1092, 141
-974, -277
516, 782
777, -495
610, 390
380, 1087
100, -750
189, 1082
482, -874
-667, 278
-343, -824
237, 440
-982, 581
-451, 892
319, -21
153, -555
-588, 307
-124, -710
375, -421
-1270, -326
-126, 598
287, -1273
-33, -322
793, -460
834, -884
558, 67
235, 394
-72, 1199
215, -811
-1048, -762
866, -285
120, 529
825, 157
844, 141
-672, 655
-1133, 174
562, 65
198, 1142
392, 152
-542, -749
-1315, -135
-1022, 433
427, 588
434, 584
637, -1153
-1020, -457
228, -674
-88, 412
598, 502
-46, -311
897, 528
-360, -384
936, -250
-161, 1157
583, -11
-368, 1075
1289, 46
-1302, 13
-491, 892
56, -822
79, -1129
-565, 2
-857, -15
-973, -199
-553, -258
-777, 473
468, -1220
-446, 213
158, 779
214, 498
1147, -252
-397, 940
1008, -175
195, 742
222, -542
469, -196
-915, 337
319, -671
-61, -844
261, 172
1250, 403
438, -245
-402, -591
-837, -487
187, -1128
-870, 391
314, -720
1006, 329
1120, 445
410, 300
421, 579
-1266, -293
-976, 561
-413, -1153
-1287, -276
-421, 1128
556, -762
-822, 737
182, 1131
-461, -835
-348, -1263
475, 515
-48, -429
187, 560
162, 294
465, 245
877, 79
117, -306
-1174, -315
371, 645
-457, -1218
-692, -933
-527, 479
-782, -774
-233, 1154
-396, -671
429, -1004
466, 248
-448, 772
-519, -476
-191, -244
602, -677
-286, -113
311, 74
-1022, -88
-109, -1134
1088, 366
-639, -997
-295, 1103
-1038, -40
-918, 470
1193, 158
-483, 1004
936, 187
550, -740
633, -881
-224, -220
-785, 802
329, -844
-1089, -267
20, 1060
-931, 298
-72, 1213
-219, -1117
832, 337
-599, 964
1031, -485
215, 683
-574, 489
-860, 162
-484, -124
-507, -549
98, -76
77, 1031
-245, -1287
-630, 714
110, -504
632, -756
-1096, 319
-695, 907
688, 787
-231, -814
91, -1125
-312, 10
-255, -824
-755, -576
653, -279
-188, 244
-974, 622
-400, 826
-929, 40
-128, -1203
1027, 392
-58, -953
-315, 43
800, 532
52, 947
659, -527
53, 115
1034, 377
-261, -183
724, -126
814, -319
-582, -624
977, -284
188, -439
519, -984
348, -1068
212, -681
41, 136
675, 241
476, 160
427, 367
-1032, -296
1063, 483
827, 641
657, -1029
722, -27
814, -799
-571, 445
826, -801
1178, -544
884, 1
-1033, -408
897, 208
957, -386
-572, 866
-631, -952
-421, -735
1022, 806
444, 558
451, 700
-45, -1080
139, -497
520, -838
66, 1101
897, 127
130, -1131
-488, -106
-925, 270
-505, -298
-103, -486
707, -864
717, 1107
-1106, -61
-904, -79
-83, 913
438, -1108
-117, -93
1082, 448
347, 287
-148, -855
-237, 526
702, -365
245, -703
552, 849
-614, 748
-624, 766
-408, -1058
-391, -669
-223, 511
415, -729
-754, -214
-411, -630
-540, 1031
-1108, -137
905, -51
-948, 867
976, -857
229, -539
668, -418
865, -465
271, 881
45, 889
26, -313
-721, 882
1130, 61
830, -500
-514, 21
-288, -846
-476, -612
-941, 791
899, -122
-303, 811
863, -932
425, -1018
96, -770
-938, -27
-1040, -388
-352, 1295
244, -845
-68, 123
-925, -630
-226, -437
-262, -439
454, -230
-961, 664
-879, 214
696, 916
787, 41
537, 517
-129, -1114
765, -416
-461, -336
-815, 448
768, 34
-1265, -194
-74, -943
181, -1286
-265, 1088
-25, -334
594, -839
-345, 920
579, -386
-401, -1020
835, -292
-406, -129
-112, 826
594, 939
595, -409
-699, -624
-635, 695
-605, 1157
-300, 60
-712, 991
374, 104
-657, -642
-53, 144
620, 882
-197, 691
478, 544
665, 863
-602, 32
894, -231
524, -1178
407, -641
-419, 632
551, -476
-2, -125
-678, -858
521, -478
428, 58
295, -1084
842, -12
-436, -1079
292, 900
-118, -1311
-286, 1125
195, 465
919, -600
78, -697
-1161, 8
763, 754
592, -94
-758, 498
392, 303
-445, -37
65, 876
244, 726
720, -246
-125, -301
-600, 991
880, -651
-257, -1264
520, 999
248, 1003
695, -576
15, 691
-429, -530
136, 594
-10, 986
991, -303
-228, 1266
1138, -472
-1138, -376
1147, 365
235, -732
-270, 405
-653, -927
445, -9
-1311, -234
883, 639
-194, 1281
318, -1167
-900, -587
-305, 162
202, 529
377, -317
-375, -647
-117, -705
-627, -328
-55, -401
891, 264
0, -135
-948, -576
-679, 89
-717, 847
305, 103
446, 195
7, 866
223, 976
-890, 470
-506, -475
819, 390
-414, 100
-900, -260
-672, 170
-500, 970
-913, -232
679, 283
-569, 3
-23, -167
-362, -769
271, -680
-614, 20
428, -593
431, -1017
-489, -573
-24, -1039
761, 506
-1222, -85
849, -594
303, -842
-837, 153
321, 937
776, 486
1133, -298
728, -433
220, 204
-288, -629
-362, -949
273, 671
220, -219
589, 993
-713, 880
107, -48
-20, -311
-580, 734
479, 740
-823, 837
-1143, -103
916, -404
321, -34
184, 1036
-491, -65
149, 580
556, -774
835, 994
-172, -1191
104, 548
93, 125
-804, 879
207, 1202
418, -397
251, 160
249, 1009
-954, -756
-1157, 16
525, 848
301, -862
445, -602
25, 1157
1234, -458
-511, -995
-505, -6
1058, 283
469, -854
231, 538
-909, -60
212, 515
428, 376
606, -778
-44, 888
-202, -725
217, 744
1013, -547
609, -1037
-6, -716
-219, 1079
1058, 210
-694, 18
274, 506
-351, 449
-778, 650
-365, 441
891, -223
907, -10
481, 902
-912, 244
-1086, 49
-327, 692
-693, -1137
302, -656
1079, 703
-311, 1093
301, -326
93, 124
-81, -898
475, -488
-104, -480
298, -312
704, 879
458, -923
554, 504
-558, -1053
-784, -1072
-494, -231
672, -945
677, -542
-356, -643
35, -883
540, 262
632, -779
720, 242
923, 203
33, 894
-596, 785
677, 4
-357, -468
-823, -620
-199, 731
-2, -708
-144, -259
-889, -987
-149, 730
-314, 1162
-812, -565
-29, -722
-1, 517
1224, 481
1237, 448
405, -603
-1171, -266
73, -954
-1154, -41
1024, -544
-1215, -415
621, 587
118, 912
-979, 572
-1056, 185
-436, -1036
-255, -444
352, -1241
-1223, -358
784, 890
386, -447
-673, -519
39, -748
36, -752
816, -392
-741, 561
-1128, 84
1042, 155
-273, -1056
-677, 148
594, 111
-111, 577
-87, -490
449, -270
271, -1319
1092, 298
-424, 289
948, -108
-489, -328
-57, 1026
717, 469
-510, 145
207, 1111
-790, 926
-47, -757
-298, 477
-377, -584
-327, -858
-11, 1040
667, 226
-598, -45
139, 3
498, 270
980, 752
-1048, -454
-106, -1186
-1045, 472
438, -623
640, -728
259, -952
-67, 857
-602, 747
105, -408
-674, -870
-867, -31
617, -1031
733, -858
314, -815
596, -33
975, 191
78, 1286
711, 114
533, -499
-155, 971
782, 566
1013, 164
873, -290
-388, 679
-1216, -428
-528, 503
379, -670
-476, 249
-778, -517
-347, 675
1051, -464
1001, -209
304, -157
-976, 219
-51, 712
-734, 546
-463, 525
972, 603
120, 254
-388, -567
-410, -329
993, -552
710, 292
-708, 310
434, 581
-409, 847
-420, 828
-169, -1135
114, -1138
145, 844
-36, -977
-600, -674
996, 521
-881, -411
-725, -508
-436, -529
-548, 487
-549, 166
-722, -256
197, -1018
7, -15
-4, -2
16, -7
-29, -3
-12, -33
-39, -1
-30, 25
-23, -12
9, -23
-39, -42
-24, 4
-7, 18
32, -10
-2, 1
14, 1
-2, 18
-9, -16
-5, 33
12, -35
-19, 17
1, 23
-35, -1
-17, -27
33, 7
23, 10
6, 16
-14, 0
-20, 5
3, 30
13, 3
-11, -6
1, -6
27, 27
-2, 4
-17, 14
12, -13
-4, 1
-6, -3
-1, 32
16, 8
-11, -1
14, -28
-4, 24
2, -14
-13, -21
-36, -8
11, 13
-35, 0
9, -20
-43, -5
7, -41
17, -21
-11, 38
-25, 12
2, -13
16, 5
-19, 4
46, -5
-9, -12
-1, -3
-32, -11
-11, 27
34, -17
16, -29
-3, -21
1, 11
1, 32
13, -27
2, -4
-19, 45
20, -14
-18, 13
-10, -30
14, 48
19, -9
5, -5
3, -42
-8, 14
-32, 1
10, -5
13, 3
0, -7
-2, -3
-10, -1
-2, -1
1, 10
-11, 18
18, 13
8, 28
16, 34
2, 10
1, -3
3, -11
11, -8
44, 9
9, -4
5, -25
24, 6
23, 19
2, 49
6, -31
-14, 31
-5, -4
-21, 7
16, 5
4, 14
-2, 9
-22, 0
-3, -6
-15, 10
29, -2
20, 10
-2, 12
-31, -5
-18, -29
12, -2
7, 9
20, -8
3, 19
44, -30
1, -13
3, -10
13, 21
-15, -12
-10, -8
28, 22
-31, 14
-12, 11
3, 13
17, -16
42, -8
-7, 16
33, -7
5, 14
-14, 2
4, -10
-14, 20
2, 15
23, 16
-10, 6
17, -37
-37, 17
-10, 7
17, -9
-5, 5
6, -20
-11, 0
-30, -15
8, 16
2, 37
-26, 2
-23, 17
25, 16
2, 2
21, -4
34, -9
7, 18
28, -30
-3, -14
43, -43
-10, 13
9, 16
-38, -2
27, 17
-15, 4
-5, 21
34, -36
-28, 21
-27, -15
-31, 13
21, 22
28, 26
-30, -22
-1, -29
-2, 3
-6, -5
-20, 8
19, -1
-4, 16
-4, -3
-6, -11
27, 27
10, 2
9, -17
41, -26
-31, 5
10, 33
0, -22
-22, -18
-18, 7
-1, 2
-6, 3
17, -4
-2, 4
-12, -13
-32, 0
7, -16
17, -10
-13, 6
-3, 19
19, -6
-47, 6
1, 15
-9, 1
-3, 35
-8, -16
-7, 49
-11, -14
27, 41
-7, 8
-22, 17
-21, -6
-8, 20
-34, -21
11, -25
9, 6
-10, 22
-1, -8
-10, -9
-21, -1
-1, -4
11, 15
-19, -16
-177, -1020
-1068, -542
-332, 408
-44, 726
-862, -193
-135, -297
1133, -334
16, -450
1133, -356
-1287, 217
-324, 429
433, -283
1149, -367
-18, 695
-137, 277
-831, -721
991, -287
1104, 153
-395, 1143
-550, 441
-1133, -138
586, 404
-411, 33
855, 97
327, 963
274, -156
1144, -192
-197, -1101
326, 638
349, -1163
-981, -177
975, -58
921, 631
-430, -228
-809, 518
362, -609
801, -549
873, 343
928, -428
775, -508
-967, 128
-936, -576
724, 186
950, 587
773, 184
-402, 1089
-543, -1189
1022, -635
874, -762
304, 826
591, 761
-986, -507
510, -251
-365, -294
1186, -559
-721, -118
-436, -1078
830, 374
328, -338
714, 998
284, 520
300, 51
-110, -841
-558, -470
-1189, -102
-160, 955
-452, -581
-595, -441
-674, -664
-928, 764
307, 493
228, -250
333, 33
1216, 23
1220, 3
-678, -191
-368, 609
-430, -287
440, 739
253, 634
898, 722
251, 171
243, -872
529, -520
49, 120
84, -1148
438, 274
1049, -785
-29, 915
-1089, -58
290, 1295
-186, 865
245, 182
872, 805
556, -143
-345, -1263
537, 705
-441, 388
562, -791
661, -532
1062, 202
-661, -82
-541, -660
-1046, 440
-23, 507
-567, -652
-189, 245
-329, 34
852, -513
-353, -810
293, 996
33, 299
897, 87
-374, 425
-823, -458
904, -133
765, -410
1097, 271
1057, 90
-971, 555
618, -807
252, 356
-647, -394
-445, 1049
185, -475
745, -427
-930, 1
-906, -3
-208, 1104
-233, -937
-838, -572
-922, 237
-40, -935
-1114, -404
886, 574
857, 547
-522, 95
-705, -131
1107, 374
-165, 1085
-481, -934
-1111, 472
-505, -274
517, -1084
689, -1072
308, -915
898, -103
523, 307
899, 468
-1060, 329
127, 881
917, 56
721, 55
-745, -435
-1087, 358
337, 506
-612, 1133
-497, 132
647, -173
-1119, 29
-588, -829
105, 110
674, -169
-1, -699
-713, -219
-608, 764
628, -610
665, -26
-648, 380
35, -509
150, 52
733, -12
298, -110
958, 362
-90, 119
1042, -493
-283, -870
260, -974
-106, -76
723, -852
1029, 491
-521, 15
-268, 1188
-1011, -259
-1197, -218
866, -307
216, -381
-663, -555
664, 545
308, 31
59, -943
-670, -536
-682, -534
-828, -262
794, 917
-740, 584
1085, 381
336, 601
-242, 819
-253, 191
464, 370
1147, -87
502, 559
-452, 261
176, 665
-841, 875
-1000, -120
-618, 343
285, 420
1108, 275
-589, 336
-850, 267
71, -131
-722, 1116
-62, -764
1038, 558
572, 57
-111, -37
-719, -405
828, 562
-645, 238
572, 489
328, 860
750, -976
-392, 785
763, 860
726, -502
-323, -382
-428, 1072
44, -1286
-270, 965
-423, 1059
388, 821
-126, -62
-453, 624
924, -240
-1219, -530
64, 303
-673, -876
846, -693
-321, 797
439, -600
1218, 497
-736, 862
756, 569
-105, -1014
761, -428
-332, -613
442, 68
-1263, 116
-1197, 234
327, -386
-1172, 267
832, 281
899, -319
-1087, -556
1228, 419
43, -432
-57, 428
-150, -279
-803, -781
1159, 218
69, -1014
-342, 1257
515, 998
-1123, -475
230, 723
969, 36
-854, -143
711, 297
844, -115
142, 1155
130, -26
718, -313
-448, -572
587, 986
290, -403
17, 985
-711, -808
755, 512
1290, 210
816, -455
578, 109
807, -750
-355, 594
-528, -1109
1023, 495
-876, -334
927, -620
-683, 336
-790, 762
-333, -679
294, -1169
-98, 597
353, 402
498, -525
-906, -278
592, 41
525, -510
364, 634
-1266, 481
723, 151
578, 781
-514, 250
552, 495
119, 423
555, 1190
553, 1208
-707, -574
447, 635
-997, -486
977, -668
-721, -558
-921, -201
1019, -5
-492, 282
-830, -337
-985, 725
-1148, 656
482, 1028
-540, -854
-46, -123
158, -500
399, 758
-132, -868
123, -943
768, 490
-1196, -58
1043, 399
368, -603
-848, 181
97, -507
-992, -570
832, -605
711, 645
-1067, -347
978, 529
21, -335
-317, -1098
623, 343
-107, 1130
-456, 371
-987, 151
303, -1061
-841, 896
-1027, -451
903, -401
-179, -1010
646, -340
-199, -391
-607, -474
-261, -818
477, 41
920, -692
949, -674
603, -1010
-1045, 452
314, -860
647, 279
399, -226
-33, -128
-673, -83
86, 128
351, -215
166, 761
349, -244
1004, -314
-480, -1019
-1022, 508
784, -346
-981, -667
-745, -815
554, 632
391, 779
-394, -560
424, -861
-264, -344
559, -439
-142, -1108
-596, -786
-261, -146
665, 375
-1134, 177
536, -233
173, -687
540, -239
469, 339
497, 144
-373, 901
396, -893
570, -858
-673, -517
-246, -921
-302, 53
-1100, -379
-341, 283
-731, 1078
869, -472
701, -113
-511, 482
-259, 310
-713, -93
484, 529
667, -1138
129, -512
1111, 463
-123, -1080
-1087, 719
281, -712
-349, -1095
712, 240
1116, 208
389, 1073
608, -1132
-421, 1151
-492, -73
-581, -668
806, 817
-738, -433
1099, 158
-910, 44
-382, -648
850, -617
-795, -588
553, 424
379, 448
-476, -1015
-451, -843
-960, -356
-869, 39
739, 164
778, -665
-458, 1202
1104, -124
-948, -92
-203, 575
-925, 94
-341, 771
848, 731
-329, -22
-435, 1261
326, 889
-409, 1233
-688, -506
-855, 986
-21, 321
-232, 976
35, 492
-367, -843
368, 821
296, 661
-927, -30
-389, 446
-260, 849
-972, 640
-761, -704
929, -668
-121, -695
-862, -238
291, -625
900, 866
793, 632
-233, 205
-310, -1082
665, 708
-773, 6
-517, -983
683, 903
94, -1038
-1035, 349
-317, 40
1019, 516
527, -555
-497, 89
164, -392
-1005, -60
221, -659
843, -737
227, 675
-661, 1127
298, -64
-699, -675
864, 123
-273, -1115
-343, -394
488, -177
-53, -295
121, -434
-1141, -161
1007, -52
443, -621
-1240, 174
-158, -66
-509, 920
33, -826
743, -131
-422, 630
535, -1208
262, 898
7, -139
15, 850
-819, -324
-1062, 413
-664, 613
503, -1182
-232, -185
282, 1168
-704, -105
404, -915
18, -117
-319, 406
-137, -19
-1155, 316
-488, 820
840, -40
84, -1006
957, 354
199, -828
-643, -858
828, 215
-804, -739
106, 849
687, 870
260, 703
-814, -750
180, -565
-562, -142
-270, 470
-162, 272
-415, 536
-673, 879
-1023, -270
440, -292
-558, -148
-420, 278
-693, 601
402, -591
708, -24
74, 995
-364, -1234
-189, 987
828, 57
397, 1235
889, 599
-633, 921
-818, 238
856, 358
-216, -841
-750, -506
-240, 443
564, 1094
-487, -496
740, 210
480, 1200
-545, -34
-428, 94
283, -889
534, -964
480, 1185
99, 406
-1079, -362
240, 540
-656, 419
336, -1087
-364, -345
873, -74
-249, 197
856, -40
1287, -9
-1130, 110
-166, -1123
-149, -1131
-645, -222
734, 982
-367, -329
-53, 313
783, -819
98, -484
118, 1303
-156, -343
-424, -787
-1039, -410
-379, 611
-311, -77
-1094, 699
-203, -218
-336, -932
-32, 315
551, -78
542, -964
626, 840
681, -271
-361, 1043
15, 753
-775, 2
-501, 978
168, -661
-502, 502
-656, -783
-3, -297
-7, 979
-585, 99
-1087, 353
184, -242
-419, 1020
638, 941
489, 69
-700, -727
-531, -686
-719, -740
851, -476
1132, 35
-835, -341
-494, 606
550, -151
1151, 5
-9, -308
-815, 495
739, -112
1234, -420
304, -674
-944, -717
-137, 1077
22, -532
-78, -105
-716, 1017
-1163, 294
-863, 748
-311, -1159
536, 1006
-816, 556
-218, -563
-534, 212
-824, -611
-460, 1057
334, -71
406, -655
-388, 853
-1109, -28
-435, 1062
-567, 652
109, -486
326, -445
227, 725
-59, -691
908, -224
177, -1070
236, 910
-101, 102
676, 544
-266, -1128
-499, 68
-69, -718
-286, -710
-1114, 671
304, -510
327, 92
322, 1102
119, -98
-1087, -270
-695, 140
-504, -710
-295, 122
81, -912
-718, -663
-264, 714
-636, 733
331, 456
-367, -1087
854, -748
1136, 592
344, 476
488, 46
312, 261
-925, -388
105, 485
-440, 537
-818, 589
243, -754
-344, -249
-571, -263
-1218, -515
255, -334
208, 694
612, 798
593, -595
181, -531
255, -188
-792, -360
584, 356
-948, 927
375, 442
-38, 332
-65, -693
-508, -992
-950, -904
-53, 115
745, 946
-1030, 384
-59, 324
256, -988
902, -171
-592, -999
-960, 588
196, 233
836, -348
562, 790
1160, 101
232, 428
438, -863
-364, 1060
1052, -269
-796, 1021
99, -1004
-1079, -357
212, -843
-246, 827
338, -1118
809, 669
-856, 222
-910, 691
-254, 636
835, 195
-1026, 381
-642, -697
211, 247
-177, -1151
44, 318
-890, -787
-203, 1128
-1101, -246
-931, -305
344, -915
678, 661
-939, -288
-221, 1101
785, 838
-759, 950
650, 165
784, -86
-298, 503
747, 624
304, -501
318, 390
483, -188
-638, 251
307, -60
-917, 197
-754, 133
126, 46
695, 873
-580, -705
1152, 79
411, -645
110, -669
-718, 891
-1044, 368
166, 769
113, 1012
59, -1148
579, -768
693, 400
617, -353
817, 566
-953, -424
-467, 223
-388, 936
-427, -1034
636, 624
966, 97
67, 874
426, -258
-59, -575
-511, -743
-620, 658
78, 1145
-1272, -372
1135, 175
-822, -160
817, 775
-142, -553
986, -222
-850, 446
544, 446
-715, -553
-707, 848
584, -1009
-988, 13
699, -847
-602, -987
183, 867
621, 972
701, -331
-614, -942
-520, 476
19, 148
786, -726
893, 323
930, -675
1013, 487
601, 367
-24, -15
36, 3
8, 28
25, 1
5, 51
-30, 17
-10, 27
3, -13
-22, 6
-5, -25
-13, -5
-29, -44
19, 30
6, 23
36, 7
-1, 8
28, -10
3, -1
-2, -2
-5, 13
-18, 2
-6, 2
-7, -1
20, 41
46, 28
45, -12
12, -16
8, 23
-12, 23
2, 12
18, 10
6, 41
9, 6
-16, 19
-14, -1
-17, -20
-6, 8
-8, 4
35, -21
-23, 2
23, 27
-4, -11
9, -16
-18, 20
35, -5
8, -30
5, 1
-11, 2
10, 25
-18, 2
18, -34
15, -7
0, -1
-5, 36
-32, 2
-1, 10
9, 6
-11, -1
-9, 6
21, -23
-40, 15
-8, -12
-28, -5
28, 12
-7, -7
-21, 10
11, -11
-11, 21
-18, 16
-1, 9
14, -17
-14, -26
6, 20
-35, -1
16, 14
12, -6
7, -9
-11, 8
-4, -5
17, -3
-3, -2
22, -9
-28, -19
-26, -28
-24, -3
-4, 5
-11, 49
18, 5
-16, -14
3, 3
-16, -41
-7, 2
15, -5
8, 26
19, 16
7, 9
-8, 4
7, -14
-9, -3
-5, -13
-11, -21
3, 9
-22, 23
30, 16
-7, 0
2, -9
5, 42
17, 3
-23, -9
20, -13
-30, -16
14, -23