   137,  -2086
   112,   7269
   102,   1058
   127,  -1408
    64,   4927
   107,   6468
   132,   1241
    63,   5788
   126,  -2049
    85,  -1894
    45,   4809
   106,   1725
    56,  -2234
    17,   9090
    87,  -5418
   106,   4557
    56,   7799
   100,   4940
    49,   3139
   109,  -3917
   100,  -3809
    67,  -3357
   126,  -5215
    89,    516
    78,   5200
   122,   8430
   112,   1402
   108,   8459
   125,   9882
    97,  -6467
    88, -13916
    96,  -7859
    59,  -2480
    46,   1074
    85,  10407
    48,    516
    34,   6532
    97,   8374
   126,  -7676
   138,  -9982
   151, -14010
   115,  -2050
   137,  -3973
   126,   8761
   125,   7906
    64,   5599
   147,  10802
   146,  -6576
   114, -17560
   150, -16292
   112,  -1615
   107,  -4605
    52,   -632
   128,  -3580
   102,   9199
   104,  10239
    45,    516
    34,   4997
   106,   -232
    78,    839
    58,   9227
    94,   6138
    83,  -5820
   147, -13898
   145, -13504
    84,  -3038
   100,   5971
   109,  -3447
    34,  -1057
    87,   2409
    95,   1991
   111,   -286
   127,   3360
   126,   7979
   125,   3728
    96,   9341
   138,  -3070
    81,   -693
   142,   9413
   113,   9228
   134,   7824
    36,   -237
    81,   9172
    87,    839
    85,  -1994
    78,   5739
    96,  -6871
    55,  -6147
   111, -19242
   117,    239
   135,    664
   130,   9632
   143,  -5820
    57, -11137
    85,  -7915
    79,   4940
   104,   4573
    57,  -2263
    14,  -5574
    79, -17506
   135,  -7667
    59,  -5418
   125,  -8742
    57, -14777
    64,   2690
   100,   9288
   138,   8639
    56,   1478
   101,   7885
    79,  10190
    49,   5154
   140,   1687
   104,  -2098
   119,   2050
   117,   4556
    57,   7275
    39,  -5820
   115, -17889
   148,  -5253
   135,   5712
    66,   3047
    36,    689
   131,   6146
    78,   7240
    37,   1037
   136,   3576
   114,   -821
   119,   2249
   119,  -3580
    84,  -3383
   106,  -3589
   130,  -7353
    41, -13400
   148,  -7365
   117,  -7676
    98, -12152
   125,  -7786
    57,   6146
    81,    681
   125,   2355
   129,    287
   126,   -979
   106,  10692
   147,    239
   102,  10927
   115,   2941
    81,   3728
   136,   7265
    98,  -1862
   120,   4940
    95,    746
   107,  -2295
    16,   -843
    83,   2517
    66,   4847
   108,    839
   103,   7897
    82,   1022
    37,  -6467
   122,  -9296
    87, -12612
   124,  -4789
   129, -14762
   129,  -4607
    55,  -6790
   160, -18404
    88,  -6915
   126,    516
    47,   7013
   136,   8650
    56,   6146
    88,  -1671
   103,  11904
   111,   3253
    18,   8491
    79,  12598
   100,  -6714
   101, -18527
    79,  -5845
    17,   3728
   116,  13877
   144,   1193
   136,   4465
    97,   6446
   126,  -1533
    66,   2372
   127,  12388
   121,   1886
   111,   1114
   160,  10276
    49,   7635
    63,    369
   119,  13688
    61,    212
    96,    516
   162,   8457
    89,  10076
    84,  -3809
   140,  -6708
   161,  -9825
   104,   6870
    78,  11548
    60,  13063
   108,   7349
    66,  14249
    78,  -1160
   139,   4465
    99,  11147
   124,  14363
   102,   2050
    84,   4749
    57,  13787
   114,   4465
    77,   4969
    85,   9798
   126,   3039
    79,  10890
   118,  13456
   116,  -7498
   132, -15282
   137, -15113
   118,   -368
   124,   5152
    92,   3858
   135,  -5153
   109, -13378
    87, -15761
   120,   7077
   130,   5362
    65,  11133
   134,   4465
    34,   8495
    78,   4836
   129,  -3257
   110, -11568
    37, -10735
    94,  -5711
    58, -14446
   108, -12662
   102,  -5502
   116, -15750
    58,  -7826
   125,    844
    57,  14949
   115,   1411
   147,   3253
    81,   9633
   151,  14898
   117,  -3809
    87, -13152
    34, -16597
   100,  -1615
   136,  -9727
    90,  -1623
    99,  -4464
    62,  -7825
    80,  -8638
    57,   3728
    65,  12556
    79,  10560
    98,   3728
   103,  14874
   144,  10744
    95,   6146
    47,  13383
   136,   6640
   144,   2774
   126,  14647
    98,   5508
    16,   5210
   148,  11821
    81,   4737
   130,  -4382
   107,  -2642
   146,  -7887
    76,   3858
   104,   -338
   100,   1254
   113,   3253
   132,    222
   134,   8403
   139,  -1057
   139, -10202
    81,  -8711
    57,   6468
    15,  11322
    87,  14577
   130,   2774
    44,    606
    37,   4403
    77,  -5711
   106,  -2577
   144,  -2176
    47,   5574
    87,  11517
   129,   2389
    96,   6146
    76,   1515
   115,  13954
   146,  -6467
   147,  -1553
   143, -12683
    99,  -3580
   132,  -5235
   138,  -5001
   107,  -4939
    83, -10311
    79,  -7322
    37,   3858
   131,   1875
    16,  15268
    85,  -6871
   147,  -9491
   115, -15323
   138,  -2982
   136, -12610
   135,   -612
    36,   4612
    79,  15047
   116,  16048
   123,    839
    85,   7370
   107,   3355
   129,   1478
   146,   3675
    81,   8852
   130,   -693
   146,  -5604
    64,   -330
   124,   6146
   106,  16691
   125,   5823
    97,   4935
    34,   8517
    80,   5483
    15,  -7078
    66,  -7091
    82, -14830
    96,  -2049
    15,  -8513
    82,  -3247
    37,   7349
   113,   7461
   128,  12782
    56,   2690
    68,  15000
   113,   5574
   101,  -2371
    19,  -6951
   127,   -836
    37,  -1406
   146, -14740
    98, -12967
   126,   4935
   138,  10294
   108,  15673
   126,   5712
    56,   5085
    82,  13922
   131,  -5211
   115,  -9490
   126,   -323
   110,   1402
   148,   9518
    65,   7799
   105,   5821
   105,  12441
   151,  15916
    95,   3253
   109,   3011
    84,   2167
   112,   3039
   128,  15736
    34,  13003
   110,  -2049
   131,  -6006
    82,  -2235
    16,   4935
    68,  17320
    83,   2945
   132,   7135
   125,   3264
   128,   8768
   127,   4612
    86,  18344
   100,  14836
   103,  -2050
    78,  -1812
    79,   1812
    16,  -7134
    82, -13048
   105, -12014
   101,  -2049
    34,  -6201
    79,  -2956
    84,  -7353
   102,   1725
   128,  -5840
   128,   4612
    37,  11933
   100,   8823
    58,   7906
   131,   7844
   125,   7803
   103,   6870
   151,  17735
   116,  11881
    75,  -2049
   146,  -6528
    66,  -2305
   126,   3253
   124,   8736
    56,  13594
    63,  -3809
    14,  -8435
   125, -13748
   115,   7906
    99,   7852
   124,  18453
    81,  -2694
   133,  -8410
   103,  -6896
   115,  -3402
   138,  -4307
   101,  -1062
    85,  -5153
   128, -11025
   116,  -1211
    37,   2618
    55,  -2563
    68,  -3669
    79,   7135
   101,   7136
    85,   6805
   118,   5210
    93,  10188
    15,  11911
    57,  -7953
    65,    228
   101, -12147
   122,  -4789
   123,  -2659
    69,  -5087
    86,  -7353
   106,  -7841
   101,  -1719
   124,  -7953
    86,  -4856
   129,   -353
    57,  -6576
   130,  -1747
    69,  -4564
    85,  -4382
    64, -12815
    58,   3023
    84,   1058
   102,  -7373
    32,  -4392
   126,   2481
    36,  -7954
   109,  -8455
   139,  -7676
   101,  -9619
    62,  -1999
   112,  -7676
   137,   -224
   137,  -3988
   136,   6146
   114,   9894
    18,   6878
   117,   1058
    80, -11239
   135,  -7625
   124,  -6145
    95, -11009
   145,    153
    77,  -4939
   117,  -4767
    35,  -8599
    53,   3253
    72,  -9140
    37,  -6462
    17,   6577
    13,  10721
   147,  18635
   126,  -7953
   128, -11625
   130, -11552
   107,   7135
    85,  13984
   127,  11144
   137,  -5418
    48,  -4483
    57,   -703
   128,   6468
   102,  14994
   112,  13386
   134,   2481
   136,    207
   120,  -3588
    78,    516
   144,  -3762
   123,  -8410
    78,   2981
    34, -10169
    49,  -2973
   134,  -4334
   134,  -9910
   126,  -3750
   100,  -7953
    99,  -1702
    16,  -1142
   132,  -5502
   137, -11648
   130,  -2315
    14,   2690
   105,  -9915
   123,  -1477
   147,   5574
   128,  16709
   100,   7393
    38,  -5574
   125,   3174
   111,   -328
   124,  -6871
   125,  -2394
    98,   -811
    38,    839
    38,  -6186
    51,   -893
   105,  -1115
    55,  -6048
    47,  -8477
   123,    287
    14,  -8394
   121,  -9746
    97,   6146
   137,  16570
    99,   8718
    58,  -3809
    82,  -5505
   115,  -4655
    56,  -4616
   123,   4834
   127,  -9187
    86,   -693
   107,  -3688
    81,  -4878
    56,   6714
    68,   9107
    86,  17827
   146,   -843
    85,    895
   105,  -4883
   107,  -7353
   102, -10352
    15,  -2251
    13,  -6145
    18,  -8590
    82, -10403
    16,   1725
   111,  -7977
    89, -10261
    84,   3253
   124,   5270
    87,   1787
    16,   4935
   130,  -9825
   122,   4715
   126,   -368
    72,    780
    99,  -1657
   136,   3253
   136,   1690
   129, -10053
   127,  -7676
   122,  -8494
   108,  -6877
   121,  -7134
    87,   4976
    82,  -9154
   130,   6146
    81,  16562
   127,  12382
   123,  -4939
   129,   5283
   138,  -2063
   109,   2618
   122,   5036
    89,  -6953
   115,   2618
    57,  -6935
   116,   4326
    81,   3039
   139,   -867
   108,  -9227
    81,  -3580
    86,  -3589
   125,  -9236
   108,    287
   143,  -5346
   126,   7811
    84,  -3252
   126,   9230
    84,  -1527
    65,  -2371
    62,    273
    80,   6685
   118,  -5153
    77,  -1607
    96,    672
   130,   2481
    49,  -1143
    86,  -4821
   127,   2050
   101,    979
    38,   7811
    80,  -3809
    32,   5577
    67,  -3813
   104,  -3402
   103,   7431
    38,  -3514
   127,   3403
    78,  10229
   115,   9660
    64,   7954
    95,   5386
    66,   1872
    44,  -6146
    59,  -5679
   128, -21745
    66,  -5711
    80,  -7054
   138, -15720
   129,  -7078
   127, -18086
   130, -20783
   102,  -3038
    81,   8384
   120,    601
   126,   6714
    86,  -1132
   147,   6764
   124,  -6714
   112, -13020
   131,  -7250
    36,  -6871
   123,  -7735
    54, -14335
   114,  -7078
    75, -15018
    68,  -5652
   148,  -7134
   179, -17662
   139, -13028
   153,  -4939
    40,  -3388
   124,  -3346
    33,   -368
   106,  -2616
    99,    795
   107,  -7134
    85, -21200
   128, -10090
    16,  -7353
    34,  -9040
   108,  -5143
    84,   1058
    95,  10883
   114,  -1182
    84,  -2049
   100,   6185
    48,   -160
   128,   5712
   146,   -875
   108,    328
    78,  -4939
    14,  -5676
   148,  -9327
   136,   4612
   147,   1800
   110,   3012
   104,  -6145
    78, -18556
    16, -20862
    78,  -2775
    56,    544
   131,   2085
    48,   4612
    96,  -3902
   123,   6228
    12,  -2982
   131,    167
   105,  11345
    33,    694
    97,   8929
    34,  -3677
    78,  -6714
   118,  -9554
   115, -12058
   102,  -4789
    18, -13811
    97, -18515
    79,  -4616
    17, -16091
    80, -19209
   116,   5154
    96,  -3879
   104,  -1197
   134,  -7823
   125, -10174
    79, -16141
   103,   2618
    48,  -1030
    86,    880
    36,   4935
    48,   3312
   130,  -2073
    49,   4612
   114,   8080
   125,    981
   107,  -2050
   110,  -1530
   114,  -1310
    86,   4335
    61,   3695
    87,   9721
   106,   -368
    56,   -743
    34,   6604
    96,  -1115
   128,  12666
    77,   1655
    96,  -7676
   135, -19197
   124,  -9154
   115,   3253
    81,   7950
   129,    982
    85,  -7953
   112,  -4438
    81, -16725
   100,   7672
   128,  10180
   112,   4689
    36,   1402
    74,    249
    81,   2600
    63,  -2618
    68,   1400
   147,    561
    36,   3810
   137,   5493
    63,   7875
    51,  -7078
    87, -17883
   134, -12158
    94,  -7676
    94, -10764
    96,  -5017
   105,  -3402
    63,  -7549
   130, -10233
    47,   -286
   149,  12588
   125,   7898
    81,   7824
   148,  -1700
   126,   2150
    80,  -6145
    88, -15262
    35,  -9397
   117,   -520
   109,   9995
   131,   5488
    65,  -5820
   158,  -2612
   160,  -5370
   125,   1616
   127,  13716
    63,  -2614
    96,  -2049
    75,  12382
   111,   2473
   160,  -3580
    89,  -7574
    61, -11175
   132,  -5418
   115,  -7131
    86, -13640
    66,   4612
   109,   2705
    83,   1361
    95,   7349
   148,   4499
    56,    177
    80,   -843
   128,  13068
   107,   2951
    88,   6870
   135,   7692
    57,   8502
    80,  -1478
   126,   1127
   138,  -1523
   148,  -5211
   106,  -3952
   124,  -6558
   129,    839
   147,   8405
    78,   1864
    48,  -6790
    37,  -8781
    59,  -9809
    99,   3253
   137,   9132
    83,   1366
   146,    694
    80,    297
   124,  11070
   132,   1058
   123,   7820
    59,  12008
   100,    369
    34,   4423
   102,   -592
    34,   7349
   115,   2391
   128,   7581
   129,   1114
   128,  -1396
   117,  13656
   116,   7077
   125,   7249
   107,   4305
   103,   4335
    35,  12922
   126,   3681
   102,   -693
   119,  14256
   110,  11122
   136,   2372
   101,  12519
   127,   5824
   128,  -6145
    85,  -1741
    98, -16985
    56,   1058
    13,  11000
   116,   2511
   147,  -3257
    58, -11520
   111,  -1786
   128,  -3402
   117, -14019
    95, -13089
   127,   -843
   106, -15447
   116, -10011
    87,  -3252
   130,  -3785
   103,   -979
   104,   2981
   123,   3097
   107,  15192
    35,  -7353
   106, -10642
    95,  -5916
    14,  -7953
    35,  -9315
    82,  -9842
    98,   1616
   114,   4628
    53,   4839
   125,   4335
    80,  10948
    16,   8505
    80,  -7676
    63, -15987
   121,  -7410
   131,  -6871
   137,  -8689
    81, -10614
   128,  -2049
   129,  -9645
   146,  -8515
    99,    694
   103,   6904
   116,  13522
   117,   2372
   104,   9733
   160,  10337
    87,  -5711
   121, -11702
    58, -10965
   111,  -4334
   102, -12073
   128, -15909
    56,   -843
    66, -12937
    56, -10603
   125,  -5574
   124, -16136
   102,  -3840
   103,   5210
    18,   9348
   144,  10125
    55,   3810
    64,   7100
    89,   5128
    83,  -5418
   109,  -2135
   111, -13069
   127,   3039
    62,   5768
    94,   1042
    88,   3039
   131,    768
   125,   8493
   102,  -1478
   146, -10791
    66,  -9198
    88,   7349
   103,  12598
   100,   4754
    35,  -1724
   127,  -9021
   109,    476
    57,   3810
    87,  15131
   138,   8410
   102,  -2480
   143, -10574
   124, -11284
    87,    839
   125,  13743
   151,   5592
    99,  -2050
   126, -12804
    55, -12964
    57,   7672
   131,  16462
   101,  11297
   129,  -7134
    84, -11667
   126,  -8570
    98,   2690
   104,   9354
    86,   1443
   144,   4935
   146,  13954
   126,   4949
    37,   6870
   110,   7826
    78,   4288
   123,  -7905
    48,  -2580
    93,  -4400
   125,   7824
   115,  15421
   115,  14747
   160,    844
   127,  -6124
    40, -13004
    95,  -2050
   121,  -2247
    80,  -4852
    81,  -4334
    67,  -7377
   104,  -9724
   145,   7135
    85,   7899
    82,   5614
    14,   3858
    79,  10050
    48,   6294
   126,  -6576
   131,  -3260
   106, -10869
   148,  -1724
    56,  -7979
   123, -10278
    79,   1725
   131,  -6863
    73,    226
   111,  -4616
    50,  -2431
    99,  -3082
    86,  -7134
    36,   -759
   130,  -7936
   123,   5574
   127,  13656
   116,   8385
   101,  -2049
    76,  -2581
    68,  -1969
   111,  -6871
   145,  -7123
   138, -13459
   135,  -5211
    79,   -388
    50, -11713
   118,  -6145
   150,  -4456
   122,  -1602
   146,   7077
   132,  17400
    42,  13624
    69,  -7676
    92, -10374
    87, -12785
    87,   6146
   114,   6500
    16,   3827
   136,   2050
   125,  -4948
    36,  -4727
    54,  -1615
   112,   1236
   113, -11918
    78,  -4382
    48, -12999
   105,   2007
    78,   -238
    85,  -4547
    66,   2602
    51,   6146
    95,   7492
    82,  18706
    69,  -7823
   124, -11300
    84,  -9516
   117,  -3809
   138,  -6932
   116,  -8535
   100,   2481
   111,  -3781
   103,  -5911
   132,  -6576
    33, -10397
    78, -10228
   114,  -2049
    42,  -2439
   156,    732
   153,  -6146
    38,    791
   115,  -2452
   108,   1114
   129,  -6093
   112,  -5282
    36,  -1322
    55,  -1518
    67,  -7432
   107,  -2618
   135,  -1288
    62,  -2468
    17,   1114
   137,  -6894
    64,  -3437
    33,  -1322
   137,   3371
   130,  -2136
   112,  -7905
    84,   -645
   130,  -5612
   148,   6468
    56,  12481
   123,   9013
   109,  -1406
   112,  -1369
    68,  -2566
    70,  -6871
   100,  -9308
    84,  -1146
    87,  -5820
   135,  -8647
    80,     90
   124,  -3857
    78,  -1563
    64,   1457
    64,   2050
    64,  -4966
   103,  -4356
   102,  -1322
   106,   3932
   122,   1102
    86,   6714
    75,  13740
   134,  17055
   118,  -6145
    19,  -8329
   110,  -6082
    83,   7672
    44,  14656
   117,   9426
   107,  -2049
   134,  -9716
   149, -11023
    61,  -6467
    97,  -9398
    82,  -7979
    99,  -2694
   113,  -3026
    85,  -3307
   106,    287
   111,  -3699
    76,  -9511
    66,   6146
    85,   8549
    79,   7232
    33,   6714
    83,  17505
   135,   6115
   111,  -7823
    58,  -2648
   148,  -2719
   148,  -6145
   135,  -7488
   107, -11693
   130,  -4789
   144,  -1544
    96,    243
   103,   3403
   120,  -8546
   126,  -8867
    57,  -6714
   143,  -1127
   133,  -5578
    66,   6577
    84,   9082
    84,  11884
   102,   3253
   127,  -2866
   118,  -8007
   122,   4465
    68,   1426
    66,  -7723
    56,  -4616
   151,  -2511
   127,   3427
    57,  -3257
    66,   1278
   115,  -1451
    96,   4612
   139,   3083
   149,  -7114
    93,   2690
    78,  -7908
   103,   1260
   117,  -2049
    67,  -2845
    15,  -1603
    63,  -1115
   128,  -7154
   134,   4260
   129,  -5153
   109,  -6059
   111,   1644
    96,   3253
    47,  -8427
   124, -10711
    97,  -5211
   127,  -5657
    98,  -2662
    67,  -2049
   145,  -2142
    81,  -4520
    82,   2050
   108,  -2042
   115,  -3296
   103,   3039
   145,   3794
    82,  -5164
    86,   4612
   105,   3008
    85,  -3409
   129,  -2775
    38,   5377
   112,   2044
    80,   4383
    78,   -695
   128,    800
    31,  -7823
    59,  -3486
   128,  -1143
    86,   5154
    81,   3309
   106,   3357
   104,  -6467
   128,   1666
    96,  -6179
   110,  -7905
   126,  -8967
   109,  -8512
    99,  -7823
    82,   5495
    64,  -9237
    86,  -5418
   135,   7646
    59,   6025
    81,  -5711
    36,   1158
   133,  -2096
    50,   1114
   147,   7687
    60,    397
    58,   1114
    78,   7213
    34,  -4408
   124,   1321
   125,   7020
   136,   8485
    79,  -5820
    80,  10038
    46,   2350
    97,   5417
    38,   1741
   142,  -2382
   137,   5154
   136,  -5435
   112,   2135
   110,   3858
    54,   8998
   108,   -405
    79,    839
   105,   1277
   115,    890
   104,  -6145
   123, -13338
    84, -12552
   125,   3039
   130,  -2786
   147,    978
   135,    694
    99,   4939
   108,  -4390
   125,   1402
    52,   1442
   147,  -5180
    82,  -2371
   102,    640
    53,   5203
   138,   5498
    34,  -1730
    95,  -3659
    82,  -5211
   109,  -3061
    83,  -3771
    83,  -3257
   135,   5550
    65,    738
    38,   3253
   137,   3006
   137,  -4478
    79,  -7823
    58, -10645
    97, -10235
    77,   4790
    37,   -364
   111,   1001
    91,   6146
   141,   4525
    63,   1389
   161,   7349
   134,   6692
   163,   7817
   108,   4940
   133,   2617
    64,  -1516
   147,   5712
    66,    828
   109,   1546
    95,   3858
    75,  -2520
    96,  10522
   127,   7672
    97,   9256
    34,  11371
    37,   2050
    99,   6813
   117,   7275
    33,   3810
    63,  -3309
   106,   3178
   103,   2481
   127,   3982
   119,  10601
   126,   1321
    49,  -3056
    85,   8854
   128,    516
    96,  11829
   104,  -4543
   102,  -7953
   108, -19165
   114,  -4999
   107,   -286
   133,   5421
   119,   5404
   114,  -4616
    80, -11486
   131,  -7848
   123,  -1322
   136,  -2884
    64,   1079
   135,   1478
   108,   3787
   101,   5465
    68,   5417
   125,   7888
   100,   4323
   103,   4465
    97,  11628
   129,   6832
    68,  -6714
    58, -12783
    75,  -3978
   126,  -1322
    17,   3739
    78,    282
    78,  -3038
   110,   2363
    98,   4273
    74,  -5153
    57, -11093
    17, -12009
    82,   3253
   115,   9958
    16,   3023
   129,   -286
   113,  -1938
    14,   2366
   126,   5821
    58,   9332
   137,  -2879
   117,  -2982
   103,   1990
    49,  -1634
    97,   6577
    34,    851
   106,  -1650
    96,  -1615
    97,   7078
   136,  11293
   106,   5821
    77,   9787
    96,  11444
    35,   6786
   129,   7221
    84,  11858
    58,  -7823
   136, -19127
   113,  -4372
    79,   7672
   118,  11971
    70,  12529
    92,   2050
   149,    543
    86,   6136
   132,   5498
    13,  -1615
    93,   6794
   112,  -3727
    84,  -7855
   103, -13387
   138,  -5711
   129, -12593
    99, -16944
    56,  -5820
   145,  -6101
   113,  -5820
   128,  -7905
    15,  -5116
    86, -11514
   107,  -1478
    34,   -159
   124,   3854
   123,  -5711
    83,  -9795
   148,  -4868
   127,   7349
   114,   4326
    98,    275
    78,   6146
   143,  13434
   137,   3486
    57,  -2982
    99, -11480
   107, -17548
   137,   6714
    49,  10296
    48,    475
    35,   -238
   133,   2024
   114,  10733
   146,  -7498
   137,  -7059
    85, -10257
   109,  -1615
    94,   5793
   104,   9922
   143,   6146
    96,    846
    89,   9370
   141,   3576
   111,     68
   121,   7599
   102,   6714
   114,   6780
    72,   4340
   135,  -4464
   138,  -8789
   128, -17207
   105,   4790
    85,  12516
   123,   1038
    85,   2981
    68,   8650
    60,   4318
    81,   -843
    66,   4564
    82,   9308
    82,  -2618
    76,  -7429
   101,  -2855
    59,  -7823
    49,  -6776
   148,  -6757
   149,    287
    87,   -309
   125,   5139
   133,    287
   106,   6746
   114,  13596
    63,   -286
   137,  13736
   149,   9850
   128,   1321
    14,   3588
    59,   9717
    96,   2481
   107,   8448
   102,  -1096
   135,   7954
    79,  14644
    97,   3400
    58,    239
   115,   8988
   108,   -302
   126,  -7953
    37, -14077
   128,  -7936
    80,  -4789
    66,  -1337
   112, -12502
   124,  -2982
   126, -10137
   111, -13600
   115,   6146
    53,    946
    94,   2507
   105,   7672
   129,   5836
   131,   4752
   132,  -1724
   112,  -7793
    86, -10197
    56,   2050
    76,   9343
    17,   5357
    46,  -5153
    48,  -9482
   118, -13936
   126,  -1724
    96, -15350
   133, -14740
   124,  -6576
    98, -14492
    77, -11698
   108,   2050
    87,   3422
   137,   2062
   121,    844
    86,  15494
   129,   6639
    65,   4465
    66,   9546
    65,   8649
    58,  -3257
   110, -10946
   116, -14864
    95,   3253
    34,    702
   131,  14412
    49,  -2618
   121,  -8686
    87,  -2048
    86,  -2049
    81,  -5791
    80, -10671
   148,   4612
   135,   3672
   122,  14733
   146,   5154
   129,   9116
    84,   8749
   128,  -4789
   144,  -2967
   138, -15789
    56,   2481
   129,   1633
    96,   8815
   125,    287
    84,  -9419
   118, -14313
   111,  -6145
    66, -13090
   126, -13227
   107,   1321
    98,   9158
    85,   6743
   115,  -2618
   125, -15601
   107,  -2679
    68,    287
    95,  -5785
   126, -15657
    37,  -2618
   106,  -2651
   146, -14121
    96,  -1478
    36,  -2733
   113,  -3529
    55,   3810
   101,  11974
    81,    870
   104,  -1406
   100,   -697
   131, -13617
   116,   7499
    79,   1632
   100,   6165
    77,  -5211
   114,   -896
    35, -12034
   126,  -4939
    87, -12429
   125,  -4664
   127,   5417
   123,  17136
    36,  10499
   128,   7135
    56,   6187
    47,   1215
   113,   6146
   137,  12646
    87,  14877
   160,  -7348
   109,  -6422
    98, -11516
   129,   3576
    58,   4988
    33,   6151
    50,   1725
    90,   7071
    68,  17381
   112,   2050
   118,   5217
    93,   8752
    85,  -1057
   148,  -3337
   105, -10651
    15,  -2480
    99,    697
   128,   -280
   101,   6714
    36,  13236
   147,   1953
    87,   6870
    13,  15716
    58,   2055
    15,   1114
   107,  -6509
    94, -10261
   113,  -5418
    96, -12117
   120,  -5682
    96,   3858
    96,  12465
   125,  13283
    84,   3858
    66,   2560
    65,  15563
    61,   -843
    76,   -540
   124, -13858
   119,  -7676
    65,    518
    56,    179
   103,   7824
    79,  14265
   112,   5519
   145,  -1322
    93,  -2627
   146,  -4366
   120,   -238
    96,  -4872
   104, -10655
    97,   3810
    56,  13308
   138,   4333
    78,  -5153
   145, -13908
    61,   1752
    49,   7349
   124,  13734
   144,  14115
    47,   3403
    66,  17461
    87,   7434
   128,   4612
    98,  17270
    35,  10702
    96,  -5574
   139, -10035
   139,  -9995
   140,   3728
   138,   4767
    55,  15591
    35,  -7498
    55,  -1531
   147, -10599
    42,   5712
   125,  16642
    81,   3536
    36,   1478
    36, -10230
   121,   -873
    38,  -5502
   124,  -2708
   118,  -6122
    82,   -238
    92,   2981
    95,    127
   135,   7824
    80,   5354
   115,   7148
    33,   -843
    66,   2413
   128,  -7364
    34,    239
   128,  -4510
    55, -10970
   113,   5712
   116,  10195
   109,  11606
   127,   4383
    96,  10867
    70,  11574
   141,   7349
   107,  11128
    84,  10664
   146,  -7823
   145,   -407
   133,  -8824
    65,   6146
   140,  19461
   135,  18245
   128,   7077
   128,  18487
   111,   6795
    68,   2690
   115,    651
   129,  -5062
    38,  -7134
   105, -12610
   125,    626
   129,   1616
    56,  -6795
    62,  -1044
    85,   7824
   105,   8472
   122,  15577
   105,   2050
    97,  -8784
   130,   3755
    56,   7824
    79,  18948
   135,   9474
    61,  -3252
   129,  -5772
    17, -11529
   126,   3728
    98,   3222
    36,  -7811
   103,   6146
    85,  18352
   109,  14854
    63,   7499
   139,  13697
   157,  14907
    72,  -3580
    45, -10984
   113,   -286
    55,   2050
   104,  -7121
    82, -10394
    44,   5498
   149,  10168
    47,  15899
    81,  -1322
    94,  -6949
    63,  -5373
    35,   5712
    77,  18962
   149,  15049
    65,    844
    85,  -8877
   137,  -9755
   161,   2050
   135,   4080
   123,   1385
    37,  -6871
   112,  -8929
   142,   3323
   138,   -843
   111,   -634
   119,  -2891
   143,   -520
   109,   1640
   126,  -3972
   122,   2618
   113, -10563
   128,  -6657
    97,   1616
   131,  -1433
   118,   4294
    99,   3403
    77,  -2498
    96,   4168
   123,   7349
    36,   8891
   131,  17125
    36,   7077
   129,   5762
   127,   6015
   110,  -6145
   106, -10402
   110,   1626
   126,   -693
   137,  -2176
    75,  -3111
    88,   2690
   109,  -5471
    66,   -487
    56,  -3580
    77,  -3112
    35,   5028
   105,   5154
    15,   -245
   125,  -8478
   102,  -2371
    94,  -6223
    83,   3312
   140,   4790
    88,   1285
   114,  -6483
   129,  -4939
    90,  -3886
    80,   -951
   112,   6870
    58,  19089
   114,   8851
   126,   -286
   109,   1587
    98,  -3729
    56,  -6790
   101,   3640
   101,   1490
   129,   6714
   129,   6471
    94,  16141
   126,  -6790
   114,   4892
   108,   -251
    79,   7906
   124,  11653
   131,  22539
   111,  -4334
   130,   1516
    99,    575
   130,  -3038
   138,   4372
    86,   1883
    18,  -3857
   107,  -3551
   129,   -744
   126,   -368
